1386.204470
2647.408940
3830.488410
4940.651213
5980.501517
6951.601820
7854.993790
8691.421474
9461.442908
10165.492120
10803.916332
11376.999635
11884.978772
12328.054062
12706.397209
13020.157023
13269.463712
13454.432165
13575.164508
13631.752114
13624.277219
13552.814230
13417.430786
13218.188646
12955.144423
12628.350200
12237.854054
11783.700500
11265.930875
10684.583664
10039.694786
9331.297843
8559.424339
7724.103864
6825.364272
5863.231822
4837.731317
3748.886218
2596.718750
1381.250000
