555.824634
1089.488604
1609.302158
2116.188657
2610.609782
3092.842542
3563.071609
4021.428890
4468.013319
4902.901841
5326.156014
5737.826203
6137.954379
6526.576056
6903.721675
7269.417617
7623.686966
7966.550090
8298.025095
8618.128180
8926.873924
9224.275518
9510.344955
9785.093182
10048.530236
10300.665351
10541.507051
10771.063226
10989.341207
11196.347814
11392.089417
11576.571973
11749.801066
11911.781943
12062.519541
12202.018516
12330.283266
12447.317949
12553.126505
12647.712674
12731.080006
12803.231880
12864.171512
12913.901971
12952.426185
12979.746952
12995.866948
13000.788735
12994.514770
12977.047408
12948.388910
12908.541449
12857.507114
12795.287915
12721.885788
12637.302599
12541.540145
12434.600163
12316.484329
12187.194261
12046.731524
11895.097633
11732.294052
11558.322199
11373.183449
11176.879133
10969.410543
10750.778931
10520.985514
10280.031472
10027.917952
9764.646070
9490.216908
9204.631521
8907.890935
8599.996148
8280.948131
7950.747831
7609.396171
7256.894051
6893.242345
6518.441911
6132.493581
5735.398169
5327.156471
4907.769261
4477.237299
4035.561325
3582.742061
3118.780216
2643.676481
2157.431533
1660.046034
1151.520630
631.855956
