986.836565
1907.557428
2786.955977
3627.787033
4431.428006
5198.705343
5930.170008
6626.215546
7287.137118
7913.164291
8504.480720
9061.236668
9583.557354
10071.548734
10525.301624
10944.894736
11330.396937
11681.868998
11999.364935
12282.933076
12532.616920
12748.455821
12930.485556
13078.738790
13193.245469
13274.033139
13321.127229
13334.551287
13314.327174
13260.475247
13173.014504
13051.962719
12897.336554
12709.151662
12487.422773
12232.163778
11943.387794
11621.107232
11265.333847
10876.078792
10453.352663
9997.165538
9507.527015
8984.446248
8427.931973
7837.992536
7214.635924
6557.869781
5867.701435
5144.137912
4387.185960
3596.852059
2773.142444
1916.063110
1025.619835
