1091.984107
2103.968214
3065.952320
3981.269760
4851.587200
5677.904641
6460.888747
7201.015711
7898.642675
8554.047417
9167.452159
9739.038718
10268.958612
10757.340043
11204.292904
11609.912430
11974.281957
12297.475014
12579.556959
12820.586272
13020.615586
13179.692519
13297.860361
13375.158637
13411.623580
13407.288523
13362.184236
13276.339208
13149.779894
12982.530924
12774.615289
12526.054491
12236.868694
11907.076837
11536.696744
11125.745222
10674.238145
10182.190527
9649.616594
9076.529840
8462.943086
7808.868527
7114.317777
6379.301912
5603.831501
4787.916645
3931.567007
3034.791837
2097.600000
1120.000000
