588.040559
1151.389761
1699.306863
2232.820673
2752.445595
3258.490269
3751.160458
4230.603134
4696.928526
5150.222367
5590.553246
6017.977278
6432.541229
6834.284666
7223.241507
7599.441147
7962.909305
8313.668676
8651.739432
8977.139623
9289.885493
9589.991739
9877.471723
10152.337643
10414.600683
10664.271130
10901.358481
11125.871530
11337.818440
11537.206816
11724.043751
11898.335883
12060.089435
12209.310252
12346.003836
12470.175374
12581.829766
12680.971644
12767.605401
12841.735201
12903.365001
12952.498564
12989.139477
13013.291156
13024.956864
13024.139719
13010.842702
12985.068670
12946.820358
12896.100390
12832.911287
12757.255469
12669.135263
12568.552909
12455.510565
12330.010308
12192.054143
12041.644003
11878.781756
11703.469206
11515.708096
11315.500113
11102.846889
10877.750005
10640.210990
10390.231330
10127.812464
9852.955786
9565.662652
9265.934378
8953.772241
8629.177484
8292.151314
7942.694905
7580.809401
7206.495913
6819.755525
6420.589290
6008.998238
5584.983370
5148.545662
4699.686067
4238.405515
3764.704912
3278.585144
2780.047075
2269.091550
1745.719394
1209.931413
661.728395
