624.191957
1220.702252
1799.911510
2362.973132
2910.463820
3442.729595
3960.001136
4462.443216
4950.179414
5423.305847
5881.899407
6326.023009
6755.729078
7171.061978
7572.059732
7958.755294
8331.177500
8689.351792
9033.300786
9363.044717
9678.601798
9979.988504
10267.219815
10540.309408
10799.269821
11044.112586
11274.848351
11491.486973
11694.037608
11882.508777
12056.908435
12217.244024
12363.522519
12495.750474
12613.934057
12718.079084
12808.191046
12884.275139
12946.336286
12994.379156
13028.408185
13048.427593
13054.441399
13046.453434
13024.467357
12988.486663
12938.514694
12874.554651
12796.609603
12704.682492
12598.776142
12478.893267
12345.036477
12197.208282
12035.411101
11859.647264
11669.919017
11466.228529
11248.577894
11016.969133
10771.404201
10511.884989
10238.413327
9950.990987
9649.619684
9334.301084
9005.036798
8661.828392
8304.677385
7933.585251
7548.553424
7149.583296
6736.676220
6309.833514
5869.056458
5414.346300
4945.704253
4463.131500
3966.629193
3456.198456
2931.840383
2393.556043
1841.346476
1275.212701
695.155709
