526.936888
1033.873775
1528.310663
2011.080884
2482.601105
2943.121326
3392.808213
3831.780815
4260.128417
4677.920463
5085.212510
5482.050010
5868.470845
6244.507063
6610.186139
6965.531882
7310.565125
7645.304250
7969.765597
8283.963786
8587.911975
8881.622069
9165.104891
9438.370321
9701.427417
9954.284514
10196.949303
10429.428907
10651.729939
10863.858558
11065.820510
11257.621172
11439.265583
11610.758480
11772.104317
11923.307298
12064.371389
12195.300346
12316.097723
12426.766896
12527.311068
12617.733289
12698.036463
12768.223357
12828.296615
12878.258762
12918.112214
12947.859282
12967.502184
12977.043045
12976.483906
12965.826727
12945.073395
12914.225723
12873.285459
12822.254286
12761.133826
12689.925648
12608.631263
12517.252131
12415.789667
12304.245235
12182.620158
12050.915716
11909.133150
11757.273660
11595.338412
11423.328537
11241.245134
11049.089266
10846.861970
10634.564251
10412.197088
10179.761432
9937.258208
9684.688317
9422.052637
9149.352022
8866.587304
8573.759295
8270.868787
7957.916549
7634.903337
7301.829883
6958.696905
6605.505104
6242.255164
5868.947752
5485.583522
5092.163112
4688.687146
4275.156236
3851.570977
3417.931956
2974.239742
2520.494898
2056.697969
1582.849495
1098.950000
605.000000
