711.567606
1387.579656
2041.369483
2674.418571
3287.467658
3880.961189
4455.195461
5010.382115
5546.679879
6064.212211
6563.077877
7043.357684
7505.118972
7948.418722
8373.305774
8779.822455
9168.005803
9537.888497
9889.499587
10222.865062
10538.008315
10834.950510
11113.710887
11374.307012
11616.754990
11841.069634
12047.264619
12235.352609
12405.345361
12557.253822
12691.088209
12806.858079
12904.572394
12984.239571
13045.867532
13089.463748
13115.035272
13122.588777
13112.130587
13083.666699
13037.202811
12972.744343
12890.296457
12789.864075
12671.451895
12535.064406
12380.705903
12208.380497
12018.092127
11809.844574
11583.641466
11339.486288
11077.382391
10797.333003
10499.341227
10183.410057
9849.542380
9497.740979
9128.008544
8740.347672
8334.760874
7911.250578
7469.819136
7010.468822
6533.201842
6038.020332
5524.926364
4993.921948
4445.009036
3878.189521
3293.465244
2690.837994
2070.309510
1431.881481
775.555556
