827.092018
1606.846758
2357.015699
3079.571228
3775.499538
4445.392345
5089.644126
5708.536651
6302.281247
6871.042280
7414.951242
7934.115717
8428.625360
8898.556032
9343.972756
9764.931887
10161.482733
10533.668804
10881.528774
11205.097245
11504.405362
11779.481301
12030.350677
12257.036878
12459.561344
12637.943797
12792.202446
12922.354147
13028.414555
13110.398244
13168.318817
13202.188998
13212.020718
13197.825183
13159.612941
13097.393936
13011.177561
12900.972701
12766.787772
12608.630760
12426.509251
12220.430461
11990.401262
11736.428207
11458.517552
11156.675273
10830.907087
10481.218468
10107.614661
9710.100699
9288.681411
8843.361439
8374.145244
7881.037122
7364.041206
6823.161482
6258.401791
5669.765842
5057.257214
4420.879365
3760.635639
3076.529268
2368.563382
1636.741010
881.065089
