665.042807
1298.835614
1913.097171
2509.129561
3087.583826
3648.850591
4193.190273
4720.788884
5231.785931
5726.289924
6204.387666
6666.150181
7111.636655
7540.897167
7953.974643
8350.906286
8731.724647
9096.458450
9445.133225
9777.771816
10094.394782
10395.020724
10679.666552
10948.347706
11201.078340
11437.871474
11658.739127
11863.692427
12052.741711
12225.896597
12383.166067
12524.558521
12650.081834
12759.743405
12853.550196
12931.508773
12993.625336
13039.905751
13070.355573
13084.980075
13083.784264
13066.772905
13033.950534
12985.321476
12920.889862
12840.659637
12744.634575
12632.818289
12505.214243
12361.825758
12202.656023
12027.708102
11836.984941
11630.489373
11408.224130
11170.191842
10916.395044
10646.836185
10361.517628
10060.441656
9743.610475
9411.026221
9062.690958
8698.606688
8318.775347
7923.198814
7511.878909
7084.817401
6642.016002
6183.476379
5709.200149
5219.188883
4713.444111
4191.967318
3654.759950
3101.823416
2533.159086
1948.768295
1348.652344
732.812500
