1221.850571
2344.935709
3406.292453
4410.036028
5358.224047
6252.091079
7092.460168
7879.919204
8614.909105
9297.772805
9928.784654
10508.169117
11036.113251
11512.775334
11938.291033
12312.777925
12636.338891
12909.064708
13131.036067
13302.325165
13422.996978
13493.110297
13512.718565
13481.870580
13400.611073
13268.981195
13087.018933
12854.759460
12572.235438
12239.477273
11856.513346
11423.370208
10940.072750
10406.644352
9823.107022
9189.481508
8505.787407
7772.043256
6988.266617
6154.474150
5270.681682
4336.904271
3353.156254
2319.451303
1235.802469
