765.028947
1489.241566
2187.943982
2862.836874
3514.770583
4144.255312
4751.631197
5337.141193
5900.967516
6443.251888
6964.107689
7463.627683
7941.889174
8398.957572
8834.888944
9249.731880
9643.528898
10016.317513
10368.131071
10698.999408
11008.949379
11298.005277
11566.189191
11813.521285
12040.020046
12245.702480
12430.584287
12594.680001
12738.003121
12860.566212
12962.381004
13043.458469
13103.808893
13143.441940
13162.366703
13160.591757
13138.125202
13094.974697
13031.147500
12946.650497
12841.490229
12715.672918
12569.204489
12402.090592
12214.336621
12005.947730
11776.928847
11527.284694
11257.019791
10966.138479
10654.644922
10322.543122
9969.836926
9596.530037
9202.626021
8788.128312
8353.040224
7897.364954
7421.105588
6924.265109
6406.846398
5868.852244
5310.285345
4731.148313
4131.443679
3511.173895
2870.341342
2208.948325
1526.997085
824.489796
