899.998200
1744.440845
2554.161267
3331.474282
4077.537297
4793.044757
5478.459623
6134.112586
6760.251659
7357.069744
7924.721163
8463.332178
8973.008008
9453.837683
9905.897518
10329.253649
10723.963946
11090.079473
11427.645616
11736.702988
12017.288137
12269.434133
12493.171038
12688.526301
12855.525082
12994.190529
13104.544011
13186.605312
13240.392803
13265.923590
13263.213635
13232.277874
13173.130308
13085.784088
12970.251594
12826.544497
12654.673819
12454.649989
12226.482883
11970.181874
11685.755866
11373.213326
11032.562320
10663.810540
10266.965325
9842.033690
9389.022345
8907.937714
8398.785954
7861.572968
7296.304428
6702.985778
6081.622257
5432.218903
4754.780570
4049.311934
3315.817504
2554.301632
1764.768519
947.222222
