0.000000 -1.000000
0.004000 -0.995976
0.008000 -0.991903
0.012000 -0.987782
0.016000 -0.983612
0.020000 -0.979392
0.024000 -0.975122
0.028000 -0.970802
0.032000 -0.966431
0.036000 -0.962009
0.040000 -0.957535
0.044000 -0.953009
0.048000 -0.948431
0.052000 -0.943801
0.056000 -0.939117
0.060000 -0.934379
0.064000 -0.929587
0.068000 -0.924741
0.072000 -0.919840
0.076000 -0.914884
0.080000 -0.909872
0.084000 -0.904804
0.088000 -0.899680
0.092000 -0.894498
0.096000 -0.889259
0.100000 -0.883962
0.104000 -0.878606
0.108000 -0.873192
0.112000 -0.867718
0.116000 -0.862185
0.120000 -0.856592
0.124000 -0.850938
0.128000 -0.845223
0.132000 -0.839446
0.136000 -0.833608
0.140000 -0.827707
0.144000 -0.821743
0.148000 -0.815716
0.152000 -0.809624
0.156000 -0.803469
0.160000 -0.797248
0.164000 -0.790963
0.168000 -0.784611
0.172000 -0.778193
0.176000 -0.771708
0.180000 -0.765156
0.184000 -0.758537
0.188000 -0.751849
0.192000 -0.745092
0.196000 -0.738265
0.200000 -0.731369
0.204000 -0.724403
0.208000 -0.717366
0.212000 -0.710257
0.216000 -0.703077
0.220000 -0.695824
0.224000 -0.688498
0.228000 -0.681099
0.232000 -0.673626
0.236000 -0.666078
0.240000 -0.658455
0.244000 -0.650757
0.248000 -0.642982
0.252000 -0.635131
0.256000 -0.627202
0.260000 -0.619196
0.264000 -0.611111
0.268000 -0.602947
0.272000 -0.594704
0.276000 -0.586380
0.280000 -0.577976
0.284000 -0.569491
0.288000 -0.560924
0.292000 -0.552274
0.296000 -0.543542
0.300000 -0.534726
0.304000 -0.525826
0.308000 -0.516841
0.312000 -0.507771
0.316000 -0.498614
0.320000 -0.489372
0.324000 -0.480042
0.328000 -0.470624
0.332000 -0.461118
0.336000 -0.451523
0.340000 -0.441839
0.344000 -0.432064
0.348000 -0.422198
0.352000 -0.412241
0.356000 -0.402191
0.360000 -0.392049
0.364000 -0.381814
0.368000 -0.371484
0.372000 -0.361060
0.376000 -0.350540
0.380000 -0.339924
0.384000 -0.329212
0.388000 -0.318402
0.392000 -0.307494
0.396000 -0.296488
0.400000 -0.285382
0.404000 -0.274176
0.408000 -0.262869
0.412000 -0.251461
0.416000 -0.239951
0.420000 -0.228338
0.424000 -0.216622
0.428000 -0.204801
0.432000 -0.192876
0.436000 -0.180845
0.440000 -0.168707
0.444000 -0.156463
0.448000 -0.144110
0.452000 -0.131650
0.456000 -0.119080
0.460000 -0.106400
0.464000 -0.093609
0.468000 -0.080707
0.472000 -0.067693
0.476000 -0.054566
0.480000 -0.041325
0.484000 -0.027970
0.488000 -0.014499
0.492000 -0.000913
0.496000 0.012790
0.500000 0.026611
0.504000 0.040550
0.508000 0.054608
0.512000 0.068786
0.516000 0.083084
0.520000 0.097504
0.524000 0.112046
0.528000 0.126711
0.532000 0.141500
0.536000 0.156414
0.540000 0.171453
0.544000 0.186619
0.548000 0.201911
0.552000 0.217332
0.556000 0.232881
0.560000 0.248560
0.564000 0.264370
0.568000 0.280311
0.572000 0.296384
0.576000 0.312590
0.580000 0.328929
0.584000 0.345404
0.588000 0.362014
0.592000 0.378761
0.596000 0.395645
0.600000 0.412668
0.604000 0.429829
0.608000 0.447131
0.612000 0.464574
0.616000 0.482158
0.620000 0.499886
0.624000 0.517757
0.628000 0.535772
0.632000 0.553933
0.636000 0.572241
0.640000 0.590696
0.644000 0.609299
0.648000 0.628052
0.652000 0.646955
0.656000 0.666009
0.660000 0.685215
0.664000 0.704574
0.668000 0.724088
0.672000 0.743756
0.676000 0.763580
0.680000 0.783562
0.684000 0.803701
0.688000 0.824000
0.692000 0.844458
0.696000 0.865078
0.700000 0.885859
0.704000 0.906804
0.708000 0.927912
0.712000 0.949186
0.716000 0.970626
0.720000 0.992233
0.724000 1.014008
0.728000 1.035952
0.732000 1.058067
0.736000 1.080353
0.740000 1.102812
0.744000 1.125444
0.748000 1.148250
0.752000 1.171233
0.756000 1.194392
0.760000 1.217728
0.764000 1.241244
0.768000 1.264940
0.772000 1.288817
0.776000 1.312877
0.780000 1.337119
0.784000 1.361547
0.788000 1.386160
0.792000 1.410959
0.796000 1.435947
0.800000 1.461124
0.804000 1.486491
0.808000 1.512049
0.812000 1.537801
0.816000 1.563746
0.820000 1.589886
0.824000 1.616222
0.828000 1.642755
0.832000 1.669487
0.836000 1.696419
0.840000 1.723552
0.844000 1.750887
0.848000 1.778425
0.852000 1.806168
0.856000 1.834117
0.860000 1.862273
0.864000 1.890638
0.868000 1.919212
0.872000 1.947997
0.876000 1.976995
0.880000 2.006205
0.884000 2.035631
0.888000 2.065273
0.892000 2.095132
0.896000 2.125210
0.900000 2.155507
0.904000 2.186026
0.908000 2.216768
0.912000 2.247734
0.916000 2.278925
0.920000 2.310342
0.924000 2.341988
0.928000 2.373863
0.932000 2.405969
0.936000 2.438307
0.940000 2.470878
0.944000 2.503685
0.948000 2.536727
0.952000 2.570007
0.956000 2.603527
0.960000 2.637287
0.964000 2.671289
0.968000 2.705534
0.972000 2.740024
0.976000 2.774761
0.980000 2.809745
0.984000 2.844978
0.988000 2.880462
0.992000 2.916198
0.996000 2.952188
1.000000 2.988433
1.004000 3.024935
1.008000 3.061694
1.012000 3.098714
1.016000 3.135994
1.020000 3.173537
1.024000 3.211345
1.028000 3.249418
1.032000 3.287759
1.036000 3.326369
1.040000 3.365249
1.044000 3.404401
1.048000 3.443827
1.052000 3.483528
1.056000 3.523506
1.060000 3.563763
1.064000 3.604299
1.068000 3.645118
1.072000 3.686219
1.076000 3.727606
1.080000 3.769280
1.084000 3.811241
1.088000 3.853493
1.092000 3.896037
1.096000 3.938874
1.100000 3.982006
1.104000 4.025434
1.108000 4.069162
1.112000 4.113189
1.116000 4.157519
1.120000 4.202152
1.124000 4.247090
1.128000 4.292336
1.132000 4.337891
1.136000 4.383756
1.140000 4.429935
1.144000 4.476427
1.148000 4.523236
1.152000 4.570362
1.156000 4.617808
1.160000 4.665576
1.164000 4.713668
1.168000 4.762084
1.172000 4.810828
1.176000 4.859901
1.180000 4.909305
1.184000 4.959042
1.188000 5.009113
1.192000 5.059521
1.196000 5.110267
1.200000 5.161354
1.204000 5.212784
1.208000 5.264557
1.212000 5.316677
1.216000 5.369145
1.220000 5.421964
1.224000 5.475135
1.228000 5.528659
1.232000 5.582541
1.236000 5.636780
1.240000 5.691380
1.244000 5.746342
1.248000 5.801668
1.252000 5.857361
1.256000 5.913422
1.260000 5.969854
1.264000 6.026658
1.268000 6.083838
1.272000 6.141394
1.276000 6.199329
1.280000 6.257645
1.284000 6.316345
1.288000 6.375430
1.292000 6.434902
1.296000 6.494764
1.300000 6.555019
1.304000 6.615667
1.308000 6.676712
1.312000 6.738155
1.316000 6.799999
1.320000 6.862246
1.324000 6.924899
1.328000 6.987959
1.332000 7.051429
1.336000 7.115310
1.340000 7.179607
1.344000 7.244320
1.348000 7.309452
1.352000 7.375006
1.356000 7.440983
1.360000 7.507387
1.364000 7.574219
1.368000 7.641481
1.372000 7.709177
1.376000 7.777309
1.380000 7.845879
1.384000 7.914889
1.388000 7.984342
1.392000 8.054240
1.396000 8.124587
1.400000 8.195384
1.404000 8.266633
1.408000 8.338338
1.412000 8.410501
1.416000 8.483124
1.420000 8.556210
1.424000 8.629761
1.428000 8.703781
1.432000 8.778271
1.436000 8.853234
1.440000 8.928673
1.444000 9.004591
1.448000 9.080989
1.452000 9.157872
1.456000 9.235240
1.460000 9.313098
1.464000 9.391447
1.468000 9.470291
1.472000 9.549632
1.476000 9.629473
1.480000 9.709816
1.484000 9.790665
1.488000 9.872022
1.492000 9.953890
1.496000 10.036271
1.500000 10.119169
1.504000 10.202586
1.508000 10.286526
1.512000 10.370990
1.516000 10.455982
1.520000 10.541505
1.524000 10.627562
1.528000 10.714155
1.532000 10.801288
1.536000 10.888963
1.540000 10.977183
1.544000 11.065952
1.548000 11.155271
1.552000 11.245146
1.556000 11.335577
1.560000 11.426569
1.564000 11.518124
1.568000 11.610246
1.572000 11.702937
1.576000 11.796201
1.580000 11.890040
1.584000 11.984458
1.588000 12.079458
1.592000 12.175043
1.596000 12.271217
1.600000 12.367981
1.604000 12.465341
1.608000 12.563298
1.612000 12.661856
1.616000 12.761018
1.620000 12.860788
1.624000 12.961169
1.628000 13.062164
1.632000 13.163776
1.636000 13.266009
1.640000 13.368867
1.644000 13.472351
1.648000 13.576466
1.652000 13.681216
1.656000 13.786603
1.660000 13.892631
1.664000 13.999304
1.668000 14.106624
1.672000 14.214596
1.676000 14.323223
1.680000 14.432508
1.684000 14.542455
1.688000 14.653067
1.692000 14.764349
1.696000 14.876303
1.700000 14.988933
1.704000 15.102243
1.708000 15.216237
1.712000 15.330917
1.716000 15.446289
1.720000 15.562354
1.724000 15.679118
1.728000 15.796584
1.732000 15.914755
1.736000 16.033636
1.740000 16.153230
1.744000 16.273541
1.748000 16.394572
1.752000 16.516329
1.756000 16.638813
1.760000 16.762030
1.764000 16.885983
1.768000 17.010676
1.772000 17.136114
1.776000 17.262299
1.780000 17.389236
1.784000 17.516929
1.788000 17.645382
1.792000 17.774599
1.796000 17.904584
1.800000 18.035341
1.804000 18.166875
1.808000 18.299188
1.812000 18.432286
1.816000 18.566173
1.820000 18.700852
1.824000 18.836328
1.828000 18.972606
1.832000 19.109688
1.836000 19.247581
1.840000 19.386287
1.844000 19.525811
1.848000 19.666158
1.852000 19.807331
1.856000 19.949336
1.860000 20.092176
1.864000 20.235857
1.868000 20.380381
1.872000 20.525754
1.876000 20.671981
1.880000 20.819065
1.884000 20.967012
1.888000 21.115826
1.892000 21.265510
1.896000 21.416071
1.900000 21.567512
1.904000 21.719838
1.908000 21.873055
1.912000 22.027165
1.916000 22.182175
1.920000 22.338088
1.924000 22.494910
1.928000 22.652645
1.932000 22.811299
1.936000 22.970875
1.940000 23.131379
1.944000 23.292816
1.948000 23.455190
1.952000 23.618506
1.956000 23.782770
1.960000 23.947986
1.964000 24.114159
1.968000 24.281295
1.972000 24.449397
1.976000 24.618472
1.980000 24.788524
1.984000 24.959558
1.988000 25.131580
1.992000 25.304595
1.996000 25.478607
2.000000 25.653623
