0.000000 1.000000
0.040404 1.040404
0.080808 1.082441
0.121212 1.126176
0.161616 1.171678
0.202020 1.219018
0.242424 1.268271
0.282828 1.319515
0.323232 1.372828
0.363636 1.428296
0.404040 1.486005
0.444444 1.546046
0.484848 1.608512
0.525253 1.673503
0.565657 1.741119
0.606061 1.811467
0.646465 1.884658
0.686869 1.960805
0.727273 2.040030
0.767677 2.122455
0.808081 2.208211
0.848485 2.297432
0.888889 2.390257
0.929293 2.486833
0.969697 2.587312
1.010101 2.691849
1.050505 2.800611
1.090909 2.913767
1.131313 3.031495
1.171717 3.153980
1.212121 3.281413
1.252525 3.413995
1.292929 3.551935
1.333333 3.695447
1.373737 3.844758
1.414141 4.000102
1.454545 4.161722
1.494949 4.329873
1.535354 4.504817
1.575758 4.686830
1.616162 4.876197
1.656566 5.073215
1.696970 5.278193
1.737374 5.491453
1.777778 5.713330
1.818182 5.944172
1.858586 6.184340
1.898990 6.434213
1.939394 6.694181
1.979798 6.964653
2.020202 7.246053
2.060606 7.538823
2.101010 7.843422
2.141414 8.160328
2.181818 8.490038
2.222222 8.833070
2.262626 9.189961
2.303030 9.561273
2.343434 9.947587
2.383838 10.349510
2.424242 10.767672
2.464646 11.202729
2.505051 11.655365
2.545455 12.126289
2.585859 12.616240
2.626263 13.125987
2.666667 13.656330
2.707071 14.208100
2.747475 14.782165
2.787879 15.379424
2.828283 16.000815
2.868687 16.647313
2.909091 17.319931
2.949495 18.019727
2.989899 18.747796
3.030303 19.505283
3.070707 20.293375
3.111111 21.113310
3.151515 21.966373
3.191919 22.853903
3.232323 23.777293
3.272727 24.737992
3.313131 25.737506
3.353535 26.777406
3.393939 27.859321
3.434343 28.984950
3.474747 30.156059
3.515152 31.374486
3.555556 32.642142
3.595960 33.961016
3.636364 35.333179
3.676768 36.760782
3.717172 38.246066
3.757576 39.791362
3.797980 41.399093
3.838384 43.071784
3.878788 44.812058
3.919192 46.622646
3.959596 48.506390
4.000000 50.466244
