0.000000 1.000000
0.040404 1.041220
0.080808 1.084140
0.121212 1.128828
0.161616 1.175359
0.202020 1.223807
0.242424 1.274253
0.282828 1.326778
0.323232 1.381468
0.363636 1.438413
0.404040 1.497705
0.444444 1.559441
0.484848 1.623721
0.525253 1.690651
0.565657 1.760340
0.606061 1.832902
0.646465 1.908455
0.686869 1.987122
0.727273 2.069032
0.767677 2.154318
0.808081 2.243119
0.848485 2.335581
0.888889 2.431855
0.929293 2.532097
0.969697 2.636470
1.010101 2.745146
1.050505 2.858302
1.090909 2.976122
1.131313 3.098799
1.171717 3.226532
1.212121 3.359531
1.252525 3.498011
1.292929 3.642200
1.333333 3.792333
1.373737 3.948654
1.414141 4.111419
1.454545 4.280892
1.494949 4.457352
1.535354 4.641085
1.575758 4.832392
1.616162 5.031585
1.656566 5.238988
1.696970 5.454941
1.737374 5.679795
1.777778 5.913918
1.818182 6.157691
1.858586 6.411513
1.898990 6.675797
1.939394 6.950975
1.979798 7.237497
2.020202 7.535828
2.060606 7.846457
2.101010 8.169890
2.141414 8.506656
2.181818 8.857302
2.222222 9.222403
2.262626 9.602553
2.303030 9.998373
2.343434 10.410509
2.383838 10.839633
2.424242 11.286446
2.464646 11.751676
2.505051 12.236083
2.545455 12.740458
2.585859 13.265624
2.626263 13.812436
2.666667 14.381789
2.707071 14.974610
2.747475 15.591868
2.787879 16.234569
2.828283 16.903763
2.868687 17.600541
2.909091 18.326040
2.949495 19.081445
2.989899 19.867987
3.030303 20.686951
3.070707 21.539673
3.111111 22.427545
3.151515 23.352014
3.191919 24.314591
3.232323 25.316845
3.272727 26.360413
3.313131 27.446997
3.353535 28.578370
3.393939 29.756378
3.434343 30.982944
3.474747 32.260070
3.515152 33.589839
3.555556 34.974422
3.595960 36.416078
3.636364 37.917159
3.676768 39.480115
3.717172 41.107496
3.757576 42.801959
3.797980 44.566268
3.838384 46.403302
3.878788 48.316059
3.919192 50.307661
3.959596 52.381357
4.000000 54.540531
