t x y
0.000000 30.000000 4.000000
0.025000 30.244442 3.989044
0.050000 30.491009 3.978677
0.075000 30.739714 3.968900
0.100000 30.990566 3.959712
0.125000 31.243577 3.951116
0.150000 31.498759 3.943113
0.175000 31.756121 3.935703
0.200000 32.015676 3.928888
0.225000 32.277433 3.922670
0.250000 32.541404 3.917052
0.275000 32.807599 3.912036
0.300000 33.076027 3.907624
0.325000 33.346700 3.903819
0.350000 33.619627 3.900625
0.375000 33.894817 3.898046
0.400000 34.172282 3.896084
0.425000 34.452029 3.894745
0.450000 34.734068 3.894033
0.475000 35.018407 3.893952
0.500000 35.305057 3.894508
0.525000 35.594024 3.895707
0.550000 35.885318 3.897553
0.575000 36.178946 3.900053
0.600000 36.474915 3.903213
0.625000 36.773234 3.907041
0.650000 37.073908 3.911544
0.675000 37.376944 3.916729
0.700000 37.682350 3.922604
0.725000 37.990129 3.929178
0.750000 38.300289 3.936460
0.775000 38.612833 3.944458
0.800000 38.927767 3.953183
0.825000 39.245095 3.962645
0.850000 39.564819 3.972855
0.875000 39.886944 3.983823
0.900000 40.211472 3.995561
0.925000 40.538405 4.008082
0.950000 40.867745 4.021398
0.975000 41.199491 4.035522
1.000000 41.533645 4.050468
1.025000 41.870206 4.066251
1.050000 42.209173 4.082886
1.075000 42.550544 4.100387
1.100000 42.894316 4.118772
1.125000 43.240486 4.138057
1.150000 43.589050 4.158261
1.175000 43.940002 4.179400
1.200000 44.293337 4.201495
1.225000 44.649048 4.224564
1.250000 45.007127 4.248629
1.275000 45.367565 4.273712
1.300000 45.730351 4.299833
1.325000 46.095476 4.327016
1.350000 46.462926 4.355285
1.375000 46.832689 4.384666
1.400000 47.204750 4.415183
1.425000 47.579092 4.446864
1.450000 47.955698 4.479736
1.475000 48.334551 4.513829
1.500000 48.715629 4.549172
1.525000 49.098911 4.585796
1.550000 49.484374 4.623734
1.575000 49.871992 4.663019
1.600000 50.261739 4.703687
1.625000 50.653587 4.745772
1.650000 51.047506 4.789313
1.675000 51.443462 4.834348
1.700000 51.841423 4.880917
1.725000 52.241350 4.929063
1.750000 52.643207 4.978829
1.775000 53.046952 5.030259
1.800000 53.452542 5.083400
1.825000 53.859932 5.138301
1.850000 54.269072 5.195011
1.875000 54.679914 5.253583
1.900000 55.092402 5.314071
1.925000 55.506481 5.376530
1.950000 55.922091 5.441018
1.975000 56.339170 5.507596
2.000000 56.757652 5.576326
2.025000 57.177468 5.647271
2.050000 57.598546 5.720500
2.075000 58.020809 5.796082
2.100000 58.444179 5.874088
2.125000 58.868571 5.954593
2.150000 59.293898 6.037675
2.175000 59.720068 6.123413
2.200000 60.146985 6.211890
2.225000 60.574549 6.303193
2.250000 61.002654 6.397410
2.275000 61.431190 6.494634
2.300000 61.860043 6.594960
2.325000 62.289093 6.698487
2.350000 62.718213 6.805318
2.375000 63.147274 6.915558
2.400000 63.576139 7.029318
2.425000 64.004664 7.146711
2.450000 64.432702 7.267856
2.475000 64.860098 7.392872
2.500000 65.286690 7.521887
2.525000 65.712310 7.655031
2.550000 66.136783 7.792438
2.575000 66.559926 7.934248
2.600000 66.981550 8.080604
2.625000 67.401458 8.231654
2.650000 67.819445 8.387553
2.675000 68.235297 8.548458
2.700000 68.648792 8.714533
2.725000 69.059702 8.885946
2.750000 69.467787 9.062872
2.775000 69.872799 9.245490
2.800000 70.274481 9.433983
2.825000 70.672568 9.628542
2.850000 71.066783 9.829363
2.875000 71.456839 10.036647
2.900000 71.842442 10.250601
2.925000 72.223285 10.471436
2.950000 72.599051 10.699371
2.975000 72.969414 10.934629
3.000000 73.334034 11.177440
3.025000 73.692563 11.428038
3.050000 74.044642 11.686662
3.075000 74.389899 11.953558
3.100000 74.727951 12.228977
3.125000 75.058406 12.513173
3.150000 75.380858 12.806405
3.175000 75.694891 13.108939
3.200000 76.000078 13.421043
3.225000 76.295981 13.742988
3.250000 76.582151 14.075050
3.275000 76.858126 14.417506
3.300000 77.123437 14.770638
3.325000 77.377603 15.134728
3.350000 77.620132 15.510057
3.375000 77.850525 15.896911
3.400000 78.068272 16.295572
3.425000 78.272856 16.706321
3.450000 78.463750 17.129438
3.475000 78.640424 17.565198
3.500000 78.802338 18.013873
3.525000 78.948948 18.475728
3.550000 79.079707 18.951022
3.575000 79.194062 19.440004
3.600000 79.291462 19.942913
3.625000 79.371352 20.459979
3.650000 79.433180 20.991414
3.675000 79.476396 21.537418
3.700000 79.500454 22.098174
3.725000 79.504813 22.673843
3.750000 79.488941 23.264567
3.775000 79.452318 23.870463
3.800000 79.394432 24.491623
3.825000 79.314787 25.128111
3.850000 79.212906 25.779960
3.875000 79.088328 26.447170
3.900000 78.940615 27.129705
3.925000 78.769354 27.827491
3.950000 78.574158 28.540415
3.975000 78.354671 29.268320
4.000000 78.110569 30.011003
4.025000 77.841563 30.768214
4.050000 77.547403 31.539652
4.075000 77.227879 32.324967
4.100000 76.882827 33.123751
4.125000 76.512127 33.935541
4.150000 76.115709 34.759820
4.175000 75.693554 35.596007
4.200000 75.245698 36.443465
4.225000 74.772232 37.301494
4.250000 74.273303 38.169335
4.275000 73.749120 39.046167
4.300000 73.199952 39.931107
4.325000 72.626130 40.823213
4.350000 72.028046 41.721486
4.375000 71.406157 42.624866
4.400000 70.760982 43.532241
4.425000 70.093102 44.442445
4.450000 69.403163 45.354264
4.475000 68.691868 46.266435
4.500000 67.959981 47.177657
4.525000 67.208323 48.086589
4.550000 66.437771 48.991856
4.575000 65.649253 49.892060
4.600000 64.843745 50.785777
4.625000 64.022269 51.671569
4.650000 63.185889 52.547987
4.675000 62.335705 53.413581
4.700000 61.472850 54.266901
4.725000 60.598485 55.106510
4.750000 59.713795 55.930985
4.775000 58.819980 56.738929
4.800000 57.918255 57.528973
4.825000 57.009841 58.299785
4.850000 56.095961 59.050075
4.875000 55.177835 59.778603
4.900000 54.256675 60.484182
4.925000 53.333679 61.165686
4.950000 52.410027 61.822051
4.975000 51.486875 62.452285
5.000000 50.565352 63.055466
5.025000 49.646557 63.630749
5.050000 48.731552 64.177368
5.075000 47.821361 64.694637
5.100000 46.916967 65.181954
5.125000 46.019307 65.638800
5.150000 45.129272 66.064741
5.175000 44.247705 66.459426
5.200000 43.375397 66.822589
5.225000 42.513091 67.154046
5.250000 41.661475 67.453693
5.275000 40.821185 67.721508
5.300000 39.992805 67.957545
5.325000 39.176866 68.161930
5.350000 38.373849 68.334862
5.375000 37.584181 68.476608
5.400000 36.808241 68.587498
5.425000 36.046360 68.667924
5.450000 35.298820 68.718334
5.475000 34.565858 68.739228
5.500000 33.847669 68.731155
5.525000 33.144403 68.694710
5.550000 32.456175 68.630526
5.575000 31.783057 68.539274
5.600000 31.125090 68.421656
5.625000 30.482279 68.278403
5.650000 29.854599 68.110271
5.675000 29.241996 67.918036
5.700000 28.644389 67.702492
5.725000 28.061672 67.464446
5.750000 27.493717 67.204716
5.775000 26.940375 66.924127
5.800000 26.401480 66.623508
5.825000 25.876847 66.303692
5.850000 25.366277 65.965509
5.875000 24.869559 65.609787
5.900000 24.386469 65.237349
5.925000 23.916773 64.849009
5.950000 23.460229 64.445573
5.975000 23.016588 64.027838
6.000000 22.585595 63.596585
6.025000 22.166990 63.152586
6.050000 21.760510 62.696593
6.075000 21.365889 62.229348
6.100000 20.982858 61.751572
6.125000 20.611151 61.263970
6.150000 20.250497 60.767229
6.175000 19.900631 60.262018
6.200000 19.561285 59.748988
6.225000 19.232196 59.228767
6.250000 18.913101 58.701967
6.275000 18.603741 58.169179
6.300000 18.303862 57.630975
6.325000 18.013212 57.087907
6.350000 17.731542 56.540507
6.375000 17.458609 55.989287
6.400000 17.194174 55.434741
6.425000 16.938004 54.877343
6.450000 16.689868 54.317550
6.475000 16.449543 53.755796
6.500000 16.216809 53.192502
6.525000 15.991451 52.628067
6.550000 15.773262 52.062876
6.575000 15.562038 51.497293
6.600000 15.357581 50.931669
6.625000 15.159696 50.366337
6.650000 14.968198 49.801613
6.675000 14.782902 49.237799
6.700000 14.603632 48.675182
6.725000 14.430215 48.114035
6.750000 14.262484 47.554614
6.775000 14.100277 46.997166
6.800000 13.943436 46.441921
6.825000 13.791809 45.889098
6.850000 13.645248 45.338902
6.875000 13.503609 44.791528
6.900000 13.366754 44.247159
6.925000 13.234547 43.705968
6.950000 13.106860 43.168114
6.975000 12.983566 42.633749
7.000000 12.864543 42.103014
7.025000 12.749673 41.576040
7.050000 12.638843 41.052951
7.075000 12.531943 40.533861
7.100000 12.428865 40.018874
7.125000 12.329506 39.508089
7.150000 12.233768 39.001595
7.175000 12.141555 38.499475
7.200000 12.052772 38.001805
7.225000 11.967331 37.508653
7.250000 11.885144 37.020082
7.275000 11.806129 36.536149
7.300000 11.730204 36.056904
7.325000 11.657292 35.582391
7.350000 11.587316 35.112652
7.375000 11.520204 34.647719
7.400000 11.455886 34.187624
7.425000 11.394294 33.732391
7.450000 11.335363 33.282041
7.475000 11.279030 32.836591
7.500000 11.225233 32.396054
7.525000 11.173914 31.960438
7.550000 11.125016 31.529750
7.575000 11.078484 31.103991
7.600000 11.034266 30.683160
7.625000 10.992311 30.267254
7.650000 10.952569 29.856265
7.675000 10.914993 29.450183
7.700000 10.879538 29.048998
7.725000 10.846159 28.652693
7.750000 10.814814 28.261253
7.775000 10.785461 27.874658
7.800000 10.758062 27.492887
7.825000 10.732578 27.115918
7.850000 10.708973 26.743726
7.875000 10.687211 26.376285
7.900000 10.667257 26.013566
7.925000 10.649080 25.655541
7.950000 10.632648 25.302180
7.975000 10.617929 24.953449
8.000000 10.604895 24.609317
8.025000 10.593517 24.269749
8.050000 10.583768 23.934709
8.075000 10.575622 23.604163
8.100000 10.569053 23.278072
8.125000 10.564037 22.956400
8.150000 10.560551 22.639107
8.175000 10.558572 22.326156
8.200000 10.558079 22.017505
8.225000 10.559051 21.713115
8.250000 10.561467 21.412945
8.275000 10.565308 21.116954
8.300000 10.570557 20.825101
8.325000 10.577195 20.537343
8.350000 10.585205 20.253639
8.375000 10.594571 19.973946
8.400000 10.605276 19.698221
8.425000 10.617307 19.426422
8.450000 10.630649 19.158506
8.475000 10.645287 18.894430
8.500000 10.661209 18.634150
8.525000 10.678402 18.377624
8.550000 10.696854 18.124809
8.575000 10.716552 17.875662
8.600000 10.737487 17.630139
8.625000 10.759648 17.388197
8.650000 10.783024 17.149794
8.675000 10.807606 16.914887
8.700000 10.833385 16.683434
8.725000 10.860352 16.455391
8.750000 10.888499 16.230718
8.775000 10.917818 16.009370
8.800000 10.948302 15.791308
8.825000 10.979944 15.576489
8.850000 11.012736 15.364872
8.875000 11.046674 15.156415
8.900000 11.081750 14.951079
8.925000 11.117961 14.748821
8.950000 11.155299 14.549603
8.975000 11.193761 14.353384
9.000000 11.233343 14.160124
9.025000 11.274039 13.969784
9.050000 11.315846 13.782325
9.075000 11.358761 13.597708
9.100000 11.402781 13.415896
9.125000 11.447902 13.236849
9.150000 11.494122 13.060531
9.175000 11.541438 12.886904
9.200000 11.589849 12.715931
9.225000 11.639353 12.547576
9.250000 11.689948 12.381801
9.275000 11.741632 12.218573
9.300000 11.794405 12.057855
9.325000 11.848267 11.899611
9.350000 11.903215 11.743808
9.375000 11.959251 11.590412
9.400000 12.016374 11.439387
9.425000 12.074583 11.290701
9.450000 12.133881 11.144321
9.475000 12.194266 11.000213
9.500000 12.255740 10.858346
9.525000 12.318304 10.718687
9.550000 12.381959 10.581206
9.575000 12.446706 10.445870
9.600000 12.512547 10.312648
9.625000 12.579484 10.181512
9.650000 12.647518 10.052429
9.675000 12.716652 9.925372
9.700000 12.786889 9.800309
9.725000 12.858230 9.677214
9.750000 12.930679 9.556056
9.775000 13.004237 9.436809
9.800000 13.078909 9.319444
9.825000 13.154698 9.203933
9.850000 13.231606 9.090251
9.875000 13.309638 8.978369
9.900000 13.388797 8.868262
9.925000 13.469087 8.759905
9.950000 13.550511 8.653270
9.975000 13.633075 8.548334
10.000000 13.716783 8.445072
10.025000 13.801638 8.343458
10.050000 13.887646 8.243469
10.075000 13.974811 8.145082
10.100000 14.063138 8.048271
10.125000 14.152632 7.953016
10.150000 14.243299 7.859292
10.175000 14.335144 7.767077
10.200000 14.428172 7.676350
10.225000 14.522389 7.587089
10.250000 14.617800 7.499271
10.275000 14.714412 7.412877
10.300000 14.812231 7.327885
10.325000 14.911262 7.244275
10.350000 15.011512 7.162027
10.375000 15.112988 7.081120
10.400000 15.215695 7.001536
10.425000 15.319641 6.923256
10.450000 15.424832 6.846260
10.475000 15.531275 6.770529
10.500000 15.638978 6.696046
10.525000 15.747947 6.622792
10.550000 15.858189 6.550751
10.575000 15.969713 6.479903
10.600000 16.082525 6.410233
10.625000 16.196634 6.341724
10.650000 16.312046 6.274358
10.675000 16.428770 6.208119
10.700000 16.546814 6.142993
10.725000 16.666186 6.078962
10.750000 16.786893 6.016011
10.775000 16.908945 5.954125
10.800000 17.032350 5.893290
10.825000 17.157117 5.833490
10.850000 17.283253 5.774711
10.875000 17.410768 5.716939
10.900000 17.539670 5.660160
10.925000 17.669970 5.604360
10.950000 17.801674 5.549526
10.975000 17.934794 5.495645
11.000000 18.069338 5.442703
11.025000 18.205315 5.390688
11.050000 18.342736 5.339588
11.075000 18.481609 5.289391
11.100000 18.621944 5.240083
11.125000 18.763751 5.191654
11.150000 18.907041 5.144092
11.175000 19.051823 5.097386
11.200000 19.198106 5.051524
11.225000 19.345902 5.006496
11.250000 19.495221 4.962291
11.275000 19.646073 4.918899
11.300000 19.798468 4.876309
11.325000 19.952417 4.834511
11.350000 20.107931 4.793496
11.375000 20.265021 4.753254
11.400000 20.423697 4.713775
11.425000 20.583970 4.675051
11.450000 20.745851 4.637072
11.475000 20.909353 4.599830
11.500000 21.074484 4.563316
11.525000 21.241258 4.527522
11.550000 21.409685 4.492439
11.575000 21.579777 4.458060
11.600000 21.751546 4.424377
11.625000 21.925002 4.391381
11.650000 22.100158 4.359067
11.675000 22.277025 4.327426
11.700000 22.455616 4.296452
11.725000 22.635942 4.266137
11.750000 22.818015 4.236476
11.775000 23.001848 4.207461
11.800000 23.187452 4.179087
11.825000 23.374840 4.151347
11.850000 23.564023 4.124235
11.875000 23.755015 4.097747
11.900000 23.947828 4.071875
11.925000 24.142474 4.046616
11.950000 24.338965 4.021963
11.975000 24.537315 3.997912
12.000000 24.737536 3.974458
12.025000 24.939640 3.951597
12.050000 25.143640 3.929324
12.075000 25.349550 3.907635
12.100000 25.557381 3.886525
12.125000 25.767147 3.865992
12.150000 25.978861 3.846031
12.175000 26.192535 3.826638
12.200000 26.408183 3.807812
12.225000 26.625817 3.789547
12.250000 26.845451 3.771843
12.275000 27.067097 3.754695
12.300000 27.290770 3.738101
12.325000 27.516480 3.722060
12.350000 27.744243 3.706568
12.375000 27.974070 3.691625
12.400000 28.205975 3.677227
12.425000 28.439972 3.663374
12.450000 28.676072 3.650064
12.475000 28.914290 3.637297
12.500000 29.154638 3.625070
12.525000 29.397129 3.613384
12.550000 29.641776 3.602238
12.575000 29.888592 3.591632
12.600000 30.137591 3.581565
12.625000 30.388785 3.572037
12.650000 30.642186 3.563050
12.675000 30.897808 3.554603
12.700000 31.155664 3.546697
12.725000 31.415765 3.539334
12.750000 31.678125 3.532514
12.775000 31.942756 3.526239
12.800000 32.209670 3.520511
12.825000 32.478880 3.515332
12.850000 32.750398 3.510704
12.875000 33.024235 3.506629
12.900000 33.300404 3.503111
12.925000 33.578917 3.500151
12.950000 33.859785 3.497755
12.975000 34.143020 3.495925
13.000000 34.428633 3.494664
13.025000 34.716634 3.493978
13.050000 35.007036 3.493871
13.075000 35.299848 3.494347
13.100000 35.595082 3.495411
13.125000 35.892747 3.497070
13.150000 36.192853 3.499328
13.175000 36.495411 3.502192
13.200000 36.800430 3.505668
13.225000 37.107919 3.509763
13.250000 37.417886 3.514484
13.275000 37.730341 3.519839
13.300000 38.045292 3.525835
13.325000 38.362746 3.532481
13.350000 38.682712 3.539786
13.375000 39.005196 3.547758
13.400000 39.330205 3.556408
13.425000 39.657745 3.565745
13.450000 39.987822 3.575781
13.475000 40.320442 3.586525
13.500000 40.655609 3.597989
13.525000 40.993328 3.610186
13.550000 41.333602 3.623127
13.575000 41.676435 3.636827
13.600000 42.021828 3.651298
13.625000 42.369785 3.666554
13.650000 42.720307 3.682611
13.675000 43.073393 3.699484
13.700000 43.429045 3.717189
13.725000 43.787260 3.735742
13.750000 44.148038 3.755162
13.775000 44.511376 3.775465
13.800000 44.877270 3.796671
13.825000 45.245716 3.818800
13.850000 45.616709 3.841872
13.875000 45.990243 3.865907
13.900000 46.366310 3.890929
13.925000 46.744903 3.916959
13.950000 47.126011 3.944022
13.975000 47.509624 3.972142
14.000000 47.895730 4.001345
14.025000 48.284316 4.031658
14.050000 48.675368 4.063108
14.075000 49.068870 4.095725
14.100000 49.464804 4.129537
14.125000 49.863152 4.164577
14.150000 50.263892 4.200875
14.175000 50.667004 4.238467
14.200000 51.072463 4.277387
14.225000 51.480244 4.317670
14.250000 51.890319 4.359354
14.275000 52.302659 4.402479
14.300000 52.717233 4.447085
14.325000 53.134006 4.493214
14.350000 53.552944 4.540909
14.375000 53.974008 4.590216
14.400000 54.397158 4.641181
14.425000 54.822351 4.693855
14.450000 55.249542 4.748287
14.475000 55.678682 4.804530
14.500000 56.109720 4.862639
14.525000 56.542602 4.922670
14.550000 56.977272 4.984683
14.575000 57.413670 5.048739
14.600000 57.851732 5.114902
14.625000 58.291390 5.183236
14.650000 58.732576 5.253812
14.675000 59.175214 5.326699
14.700000 59.619227 5.401972
14.725000 60.064533 5.479708
14.750000 60.511046 5.559985
14.775000 60.958674 5.642887
14.800000 61.407324 5.728500
14.825000 61.856896 5.816911
14.850000 62.307284 5.908214
14.875000 62.758380 6.002503
14.900000 63.210068 6.099880
14.925000 63.662229 6.200446
14.950000 64.114737 6.304309
14.975000 64.567459 6.411579
15.000000 65.020258 6.522372
15.025000 65.472990 6.636807
15.050000 65.925504 6.755007
15.075000 66.377642 6.877102
15.100000 66.829241 7.003224
15.125000 67.280128 7.133510
15.150000 67.730124 7.268104
15.175000 68.179042 7.407153
15.200000 68.626687 7.550812
15.225000 69.072856 7.699237
15.250000 69.517337 7.852594
15.275000 69.959909 8.011052
15.300000 70.400342 8.174788
15.325000 70.838397 8.343982
15.350000 71.273824 8.518823
15.375000 71.706365 8.699506
15.400000 72.135750 8.886230
15.425000 72.561700 9.079202
15.450000 72.983923 9.278637
15.475000 73.402118 9.484754
15.500000 73.815972 9.697781
15.525000 74.225160 9.917952
15.550000 74.629344 10.145508
15.575000 75.028177 10.380697
15.600000 75.421296 10.623773
15.625000 75.808327 10.874998
15.650000 76.188885 11.134641
15.675000 76.562569 11.402977
15.700000 76.928965 11.680289
15.725000 77.287649 11.966864
15.750000 77.638180 12.262999
15.775000 77.980105 12.568995
15.800000 78.312957 12.885158
15.825000 78.636258 13.211802
15.850000 78.949513 13.549244
15.875000 79.252215 13.897807
15.900000 79.543846 14.257817
15.925000 79.823872 14.629606
15.950000 80.091749 15.013506
15.975000 80.346919 15.409852
16.000000 80.588814 15.818981
16.025000 80.816852 16.241231
16.050000 81.030445 16.676938
16.075000 81.228991 17.126436
16.100000 81.411882 17.590057
16.125000 81.578500 18.068128
16.150000 81.728223 18.560969
16.175000 81.860420 19.068895
16.200000 81.974458 19.592208
16.225000 82.069700 20.131203
16.250000 82.145510 20.686158
16.275000 82.201251 21.257338
16.300000 82.236288 21.844989
16.325000 82.249992 22.449337
16.350000 82.241740 23.070587
16.375000 82.210919 23.708916
16.400000 82.156928 24.364476
16.425000 82.079180 25.037384
16.450000 81.977104 25.727728
16.475000 81.850153 26.435555
16.500000 81.697799 27.160874
16.525000 81.519544 27.903650
16.550000 81.314919 28.663802
16.575000 81.083486 29.441199
16.600000 80.824848 30.235657
16.625000 80.538646 31.046938
16.650000 80.224563 31.874743
16.675000 79.882332 32.718712
16.700000 79.511737 33.578422
16.725000 79.112615 34.453380
16.750000 78.684859 35.343029
16.775000 78.228426 36.246736
16.800000 77.743335 37.163799
16.825000 77.229671 38.093441
16.850000 76.687589 39.034810
16.875000 76.117313 39.986980
16.900000 75.519141 40.948950
16.925000 74.893448 41.919646
16.950000 74.240680 42.897920
16.975000 73.561362 43.882554
17.000000 72.856094 44.872262
17.025000 72.125552 45.865693
17.050000 71.370488 46.861433
17.075000 70.591727 47.858012
17.100000 69.790163 48.853909
17.125000 68.966764 49.847555
17.150000 68.122559 50.837341
17.175000 67.258642 51.821623
17.200000 66.376166 52.798734
17.225000 65.476336 53.766983
17.250000 64.560405 54.724671
17.275000 63.629672 55.670094
17.300000 62.685470 56.601556
17.325000 61.729167 57.517372
17.350000 60.762153 58.415879
17.375000 59.785837 59.295447
17.400000 58.801641 60.154483
17.425000 57.810992 60.991443
17.450000 56.815314 61.804835
17.475000 55.816023 62.593233
17.500000 54.814524 63.355276
17.525000 53.812196 64.089683
17.550000 52.810395 64.795250
17.575000 51.810443 65.470863
17.600000 50.813625 66.115497
17.625000 49.821184 66.728223
17.650000 48.834315 67.308208
17.675000 47.854163 67.854721
17.700000 46.881820 68.367132
17.725000 45.918318 68.844911
17.750000 44.964633 69.287633
17.775000 44.021678 69.694974
17.800000 43.090302 70.066711
17.825000 42.171292 70.402717
17.850000 41.265372 70.702964
17.875000 40.373199 70.967515
17.900000 39.495368 71.196523
17.925000 38.632411 71.390227
17.950000 37.784799 71.548947
17.975000 36.952942 71.673080
18.000000 36.137191 71.763095
18.025000 35.337842 71.819528
18.050000 34.555136 71.842977
18.075000 33.789263 71.834097
18.100000 33.040362 71.793595
18.125000 32.308527 71.722225
18.150000 31.593808 71.620781
18.175000 30.896212 71.490095
18.200000 30.215711 71.331030
18.225000 29.552239 71.144476
18.250000 28.905697 70.931345
18.275000 28.275956 70.692567
18.300000 27.662862 70.429086
18.325000 27.066233 70.141856
18.350000 26.485866 69.831837
18.375000 25.921538 69.499992
18.400000 25.373008 69.147283
18.425000 24.840019 68.774669
18.450000 24.322302 68.383103
18.475000 23.819575 67.973529
18.500000 23.331546 67.546881
18.525000 22.857917 67.104077
18.550000 22.398381 66.646025
18.575000 21.952628 66.173612
18.600000 21.520344 65.687710
18.625000 21.101211 65.189170
18.650000 20.694912 64.678825
18.675000 20.301128 64.157486
18.700000 19.919542 63.625942
18.725000 19.549838 63.084959
18.750000 19.191703 62.535281
18.775000 18.844825 61.977629
18.800000 18.508898 61.412700
18.825000 18.183619 60.841167
18.850000 17.868690 60.263682
18.875000 17.563818 59.680871
18.900000 17.268715 59.093336
18.925000 16.983098 58.501659
18.950000 16.706692 57.906395
18.975000 16.439226 57.308080
19.000000 16.180435 56.707226
19.025000 15.930064 56.104323
19.050000 15.687859 55.499840
19.075000 15.453576 54.894224
19.100000 15.226978 54.287904
19.125000 15.007832 53.681287
19.150000 14.795912 53.074760
19.175000 14.591002 52.468693
19.200000 14.392887 51.863435
19.225000 14.201361 51.259321
19.250000 14.016226 50.656665
19.275000 13.837287 50.055766
19.300000 13.664357 49.456906
19.325000 13.497254 48.860353
19.350000 13.335801 48.266358
19.375000 13.179830 47.675158
19.400000 13.029175 47.086977
19.425000 12.883677 46.502025
19.450000 12.743183 45.920498
19.475000 12.607543 45.342580
19.500000 12.476614 44.768444
19.525000 12.350258 44.198250
19.550000 12.228339 43.632149
19.575000 12.110729 43.070279
19.600000 11.997303 42.512770
19.625000 11.887941 41.959741
19.650000 11.782525 41.411302
19.675000 11.680943 40.867555
19.700000 11.583088 40.328592
19.725000 11.488855 39.794497
19.750000 11.398142 39.265349
19.775000 11.310854 38.741216
19.800000 11.226895 38.222162
19.825000 11.146176 37.708241
19.850000 11.068609 37.199504
19.875000 10.994111 36.695994
19.900000 10.922600 36.197748
19.925000 10.853998 35.704800
19.950000 10.788230 35.217176
19.975000 10.725223 34.734897
20.000000 10.664908 34.257983
20.025000 10.607217 33.786444
20.050000 10.552085 33.320291
20.075000 10.499449 32.859528
20.100000 10.449249 32.404156
20.125000 10.401427 31.954172
20.150000 10.355927 31.509570
20.175000 10.312695 31.070342
20.200000 10.271679 30.636475
20.225000 10.232829 30.207954
20.250000 10.196096 29.784762
20.275000 10.161435 29.366878
20.300000 10.128799 28.954280
20.325000 10.098147 28.546943
20.350000 10.069436 28.144841
20.375000 10.042626 27.747944
20.400000 10.017680 27.356223
20.425000 9.994560 26.969645
20.450000 9.973229 26.588177
20.475000 9.953654 26.211782
20.500000 9.935802 25.840426
20.525000 9.919640 25.474069
20.550000 9.905139 25.112673
20.575000 9.892268 24.756197
20.600000 9.880998 24.404601
20.625000 9.871304 24.057843
20.650000 9.863158 23.715879
20.675000 9.856535 23.378667
20.700000 9.851410 23.046161
20.725000 9.847761 22.718318
20.750000 9.845565 22.395092
20.775000 9.844799 22.076436
20.800000 9.845445 21.762305
20.825000 9.847480 21.452652
20.850000 9.850887 21.147430
20.875000 9.855647 20.846591
20.900000 9.861742 20.550087
20.925000 9.869156 20.257873
20.950000 9.877872 19.969898
20.975000 9.887874 19.686116
21.000000 9.899147 19.406478
21.025000 9.911678 19.130936
21.050000 9.925453 18.859442
21.075000 9.940458 18.591949
21.100000 9.956681 18.328407
21.125000 9.974110 18.068770
21.150000 9.992734 17.812989
21.175000 10.012541 17.561018
21.200000 10.033522 17.312807
21.225000 10.055666 17.068311
21.250000 10.078964 16.827482
21.275000 10.103407 16.590273
21.300000 10.128986 16.356637
21.325000 10.155694 16.126529
21.350000 10.183522 15.899903
21.375000 10.212464 15.676712
21.400000 10.242512 15.456911
21.425000 10.273660 15.240455
21.450000 10.305903 15.027300
21.475000 10.339233 14.817400
21.500000 10.373647 14.610713
21.525000 10.409138 14.407193
21.550000 10.445703 14.206798
21.575000 10.483337 14.009486
21.600000 10.522035 13.815212
21.625000 10.561795 13.623936
21.650000 10.602612 13.435615
21.675000 10.644484 13.250208
21.700000 10.687407 13.067674
21.725000 10.731380 12.887973
21.750000 10.776400 12.711064
21.775000 10.822465 12.536909
21.800000 10.869573 12.365467
21.825000 10.917723 12.196699
21.850000 10.966914 12.030568
21.875000 11.017144 11.867036
21.900000 11.068413 11.706065
21.925000 11.120720 11.547617
21.950000 11.174066 11.391657
21.975000 11.228450 11.238147
22.000000 11.283872 11.087054
22.025000 11.340332 10.938340
22.050000 11.397832 10.791971
22.075000 11.456372 10.647912
22.100000 11.515953 10.506131
22.125000 11.576577 10.366592
22.150000 11.638244 10.229263
22.175000 11.700956 10.094111
22.200000 11.764716 9.961104
22.225000 11.829525 9.830210
22.250000 11.895386 9.701398
22.275000 11.962300 9.574635
22.300000 12.030270 9.449893
22.325000 12.099299 9.327141
22.350000 12.169390 9.206348
22.375000 12.240546 9.087486
22.400000 12.312770 8.970526
22.425000 12.386066 8.855438
22.450000 12.460436 8.742196
22.475000 12.535885 8.630770
22.500000 12.612417 8.521135
22.525000 12.690035 8.413262
22.550000 12.768744 8.307126
22.575000 12.848547 8.202700
22.600000 12.929451 8.099958
22.625000 13.011458 7.998875
22.650000 13.094574 7.899426
22.675000 13.178804 7.801587
22.700000 13.264152 7.705332
22.725000 13.350625 7.610638
22.750000 13.438227 7.517482
22.775000 13.526963 7.425840
22.800000 13.616840 7.335689
22.825000 13.707862 7.247008
22.850000 13.800037 7.159773
22.875000 13.893369 7.073963
22.900000 13.987865 6.989556
22.925000 14.083532 6.906532
22.950000 14.180375 6.824870
22.975000 14.278401 6.744548
23.000000 14.377617 6.665548
23.025000 14.478030 6.587848
23.050000 14.579646 6.511431
23.075000 14.682472 6.436276
23.100000 14.786516 6.362364
23.125000 14.891784 6.289677
23.150000 14.998285 6.218197
23.175000 15.106025 6.147906
23.200000 15.215013 6.078786
23.225000 15.325255 6.010820
23.250000 15.436761 5.943991
23.275000 15.549537 5.878281
23.300000 15.663592 5.813675
23.325000 15.778934 5.750156
23.350000 15.895572 5.687708
23.375000 16.013514 5.626315
23.400000 16.132768 5.565963
23.425000 16.253342 5.506635
23.450000 16.375247 5.448318
23.475000 16.498491 5.390996
23.500000 16.623082 5.334655
23.525000 16.749030 5.279281
23.550000 16.876344 5.224861
23.575000 17.005034 5.171379
23.600000 17.135108 5.118824
23.625000 17.266576 5.067182
23.650000 17.399449 5.016441
23.675000 17.533735 4.966586
23.700000 17.669446 4.917607
23.725000 17.806589 4.869491
23.750000 17.945177 4.822226
23.775000 18.085218 4.775800
23.800000 18.226723 4.730202
23.825000 18.369703 4.685421
23.850000 18.514168 4.641445
23.875000 18.660129 4.598263
23.900000 18.807596 4.555866
23.925000 18.956581 4.514243
23.950000 19.107093 4.473382
23.975000 19.259145 4.433276
24.000000 19.412747 4.393913
24.025000 19.567910 4.355284
24.050000 19.724647 4.317380
24.075000 19.882967 4.280192
24.100000 20.042883 4.243710
24.125000 20.204406 4.207926
24.150000 20.367549 4.172831
24.175000 20.532322 4.138417
24.200000 20.698738 4.104676
24.225000 20.866809 4.071600
24.250000 21.036546 4.039180
24.275000 21.207963 4.007410
24.300000 21.381070 3.976281
24.325000 21.555881 3.945787
24.350000 21.732408 3.915920
24.375000 21.910664 3.886674
24.400000 22.090660 3.858042
24.425000 22.272411 3.830017
24.450000 22.455928 3.802593
24.475000 22.641225 3.775763
24.500000 22.828314 3.749523
24.525000 23.017208 3.723865
24.550000 23.207921 3.698785
24.575000 23.400466 3.674276
24.600000 23.594856 3.650334
24.625000 23.791104 3.626953
24.650000 23.989224 3.604129
24.675000 24.189229 3.581856
24.700000 24.391132 3.560131
24.725000 24.594949 3.538948
24.750000 24.800691 3.518303
24.775000 25.008373 3.498193
24.800000 25.218008 3.478613
24.825000 25.429611 3.459559
24.850000 25.643195 3.441029
24.875000 25.858775 3.423018
24.900000 26.076364 3.405523
24.925000 26.295976 3.388542
24.950000 26.517626 3.372071
24.975000 26.741328 3.356108
25.000000 26.967095 3.340650
