t x y
0.000000 30.000000 4.000000
0.025000 30.246000 3.989000
0.050000 30.494167 3.978594
0.075000 30.744513 3.968784
0.100000 30.997050 3.959569
0.125000 31.251789 3.950950
0.150000 31.508744 3.942929
0.175000 31.767925 3.935506
0.200000 32.029344 3.928684
0.225000 32.293012 3.922465
0.250000 32.558942 3.916850
0.275000 32.827143 3.911841
0.300000 33.097628 3.907443
0.325000 33.370407 3.903657
0.350000 33.645491 3.900487
0.375000 33.922891 3.897937
0.400000 34.202617 3.896010
0.425000 34.484679 3.894711
0.450000 34.769087 3.894044
0.475000 35.055851 3.894013
0.500000 35.344981 3.894625
0.525000 35.636486 3.895885
0.550000 35.930375 3.897797
0.575000 36.226657 3.900370
0.600000 36.525339 3.903608
0.625000 36.826431 3.907520
0.650000 37.129941 3.912112
0.675000 37.435875 3.917392
0.700000 37.744241 3.923369
0.725000 38.055045 3.930050
0.750000 38.368294 3.937445
0.775000 38.683994 3.945563
0.800000 39.002151 3.954414
0.825000 39.322768 3.964009
0.850000 39.645852 3.974357
0.875000 39.971405 3.985471
0.900000 40.299432 3.997362
0.925000 40.629935 4.010042
0.950000 40.962917 4.023525
0.975000 41.298380 4.037823
1.000000 41.636323 4.052951
1.025000 41.976749 4.068923
1.050000 42.319656 4.085755
1.075000 42.665045 4.103462
1.100000 43.012912 4.122060
1.125000 43.363255 4.141567
1.150000 43.716071 4.162001
1.175000 44.071356 4.183381
1.200000 44.429104 4.205724
1.225000 44.789310 4.229052
1.250000 45.151966 4.253386
1.275000 45.517063 4.278746
1.300000 45.884594 4.305156
1.325000 46.254547 4.332638
1.350000 46.626910 4.361218
1.375000 47.001672 4.390920
1.400000 47.378817 4.421770
1.425000 47.758331 4.453796
1.450000 48.140197 4.487026
1.475000 48.524396 4.521489
1.500000 48.910909 4.557216
1.525000 49.299714 4.594238
1.550000 49.690788 4.632587
1.575000 50.084108 4.672299
1.600000 50.479645 4.713407
1.625000 50.877373 4.755950
1.650000 51.277260 4.799964
1.675000 51.679274 4.845489
1.700000 52.083382 4.892565
1.725000 52.489546 4.941236
1.750000 52.897728 4.991545
1.775000 53.307887 5.043538
1.800000 53.719979 5.097262
1.825000 54.133957 5.152766
1.850000 54.549774 5.210101
1.875000 54.967377 5.269320
1.900000 55.386713 5.330477
1.925000 55.807723 5.393629
1.950000 56.230347 5.458835
1.975000 56.654522 5.526156
2.000000 57.080181 5.595655
2.025000 57.507252 5.667397
2.050000 57.935662 5.741451
2.075000 58.365333 5.817887
2.100000 58.796183 5.896778
2.125000 59.228127 5.978200
2.150000 59.661073 6.062230
2.175000 60.094928 6.148951
2.200000 60.529593 6.238446
2.225000 60.964964 6.330804
2.250000 61.400933 6.426113
2.275000 61.837386 6.524468
2.300000 62.274205 6.625966
2.325000 62.711265 6.730707
2.350000 63.148436 6.838795
2.375000 63.585584 6.950338
2.400000 64.022566 7.065448
2.425000 64.459235 7.184239
2.450000 64.895437 7.306831
2.475000 65.331010 7.433348
2.500000 65.765788 7.563917
2.525000 66.199594 7.698671
2.550000 66.632248 7.837746
2.575000 67.063560 7.981283
2.600000 67.493332 8.129428
2.625000 67.921358 8.282331
2.650000 68.347425 8.440149
2.675000 68.771311 8.603042
2.700000 69.192785 8.771176
2.725000 69.611607 8.944721
2.750000 70.027528 9.123854
2.775000 70.440289 9.308757
2.800000 70.849622 9.499616
2.825000 71.255248 9.696624
2.850000 71.656879 9.899979
2.875000 72.054218 10.109885
2.900000 72.446953 10.326552
2.925000 72.834765 10.550194
2.950000 73.217323 10.781032
2.975000 73.594285 11.019293
3.000000 73.965297 11.265207
3.025000 74.329995 11.519013
3.050000 74.688001 11.780952
3.075000 75.038928 12.051273
3.100000 75.382376 12.330229
3.125000 75.717933 12.618076
3.150000 76.045175 12.915078
3.175000 76.363669 13.221501
3.200000 76.672967 13.537615
3.225000 76.972610 13.863695
3.250000 77.262130 14.200018
3.275000 77.541046 14.546864
3.300000 77.808866 14.904514
3.325000 78.065088 15.273254
3.350000 78.309200 15.653366
3.375000 78.540681 16.045135
3.400000 78.759000 16.448845
3.425000 78.963617 16.864777
3.450000 79.153987 17.293211
3.475000 79.329555 17.734422
3.500000 79.489761 18.188681
3.525000 79.634043 18.656250
3.550000 79.761830 19.137387
3.575000 79.872554 19.632338
3.600000 79.965641 20.141340
3.625000 80.040521 20.664617
3.650000 80.096623 21.202378
3.675000 80.133382 21.754818
3.700000 80.150236 22.322112
3.725000 80.146634 22.904415
3.750000 80.122030 23.501861
3.775000 80.075892 24.114559
3.800000 80.007704 24.742589
3.825000 79.916962 25.386006
3.850000 79.803184 26.044830
3.875000 79.665908 26.719049
3.900000 79.504699 27.408611
3.925000 79.319145 28.113429
3.950000 79.108866 28.833372
3.975000 78.873516 29.568265
4.000000 78.612782 30.317888
4.025000 78.326392 31.081970
4.050000 78.014113 31.860190
4.075000 77.675760 32.652175
4.100000 77.311190 33.457494
4.125000 76.920315 34.275661
4.150000 76.503095 35.106132
4.175000 76.059549 35.948303
4.200000 75.589749 36.801509
4.225000 75.093829 37.665023
4.250000 74.571982 38.538059
4.275000 74.024465 39.419767
4.300000 73.451598 40.309237
4.325000 72.853764 41.205500
4.350000 72.231412 42.107526
4.375000 71.585058 43.014230
4.400000 70.915279 43.924471
4.425000 70.222719 44.837059
4.450000 69.508086 45.750751
4.475000 68.772145 46.664263
4.500000 68.015726 47.576269
4.525000 67.239713 48.485406
4.550000 66.445045 49.390281
4.575000 65.632712 50.289475
4.600000 64.803754 51.181551
4.625000 63.959251 52.065055
4.650000 63.100325 52.938528
4.675000 62.228131 53.800509
4.700000 61.343855 54.649545
4.725000 60.448707 55.484192
4.750000 59.543918 56.303028
4.775000 58.630731 57.104656
4.800000 57.710398 57.887713
4.825000 56.784177 58.650875
4.850000 55.853320 59.392861
4.875000 54.919073 60.112445
4.900000 53.982670 60.808455
4.925000 53.045326 61.479783
4.950000 52.108232 62.125386
4.975000 51.172555 62.744293
5.000000 50.239427 63.335609
5.025000 49.309946 63.898515
5.050000 48.385171 64.432273
5.075000 47.466117 64.936229
5.100000 46.553757 65.409810
5.125000 45.649012 65.852530
5.150000 44.752756 66.263989
5.175000 43.865810 66.643869
5.200000 42.988944 66.991940
5.225000 42.122872 67.308051
5.250000 41.268257 67.592134
5.275000 40.425706 67.844202
5.300000 39.595770 68.064342
5.325000 38.778951 68.252715
5.350000 37.975695 68.409552
5.375000 37.186396 68.535154
5.400000 36.411401 68.629882
5.425000 35.651006 68.694157
5.450000 34.905459 68.728458
5.475000 34.174964 68.733313
5.500000 33.459682 68.709298
5.525000 32.759733 68.657032
5.550000 32.075197 68.577173
5.575000 31.406117 68.470415
5.600000 30.752503 68.337481
5.625000 30.114331 68.179122
5.650000 29.491548 67.996111
5.675000 28.884074 67.789243
5.700000 28.291801 67.559325
5.725000 27.714601 67.307179
5.750000 27.152321 67.033635
5.775000 26.604790 66.739531
5.800000 26.071822 66.425705
5.825000 25.553213 66.092999
5.850000 25.048745 65.742250
5.875000 24.558190 65.374292
5.900000 24.081309 64.989954
5.925000 23.617852 64.590055
5.950000 23.167566 64.175404
5.975000 22.730187 63.746799
6.000000 22.305449 63.305024
6.025000 21.893082 62.850851
6.050000 21.492814 62.385033
6.075000 21.104368 61.908310
6.100000 20.727471 61.421402
6.125000 20.361846 60.925012
6.150000 20.007219 60.419826
6.175000 19.663316 59.906508
6.200000 19.329867 59.385705
6.225000 19.006603 58.858044
6.250000 18.693258 58.324130
6.275000 18.389570 57.784552
6.300000 18.095281 57.239875
6.325000 17.810136 56.690646
6.350000 17.533887 56.137392
6.375000 17.266288 55.580621
6.400000 17.007099 55.020819
6.425000 16.756085 54.458456
6.450000 16.513016 53.893980
6.475000 16.277667 53.327823
6.500000 16.049821 52.760397
6.525000 15.829261 52.192096
6.550000 15.615781 51.623297
6.575000 15.409176 51.054361
6.600000 15.209250 50.485629
6.625000 15.015811 49.917430
6.650000 14.828671 49.350073
6.675000 14.647650 48.783854
6.700000 14.472570 48.219054
6.725000 14.303262 47.655939
6.750000 14.139559 47.094760
6.775000 13.981300 46.535757
6.800000 13.828329 45.979155
6.825000 13.680496 45.425165
6.850000 13.537653 44.873989
6.875000 13.399660 44.325815
6.900000 13.266379 43.780821
6.925000 13.137677 43.239172
6.950000 13.013425 42.701024
6.975000 12.893501 42.166523
7.000000 12.777782 41.635805
7.025000 12.666154 41.108997
7.050000 12.558504 40.586215
7.075000 12.454723 40.067570
7.100000 12.354706 39.553161
7.125000 12.258353 39.043082
7.150000 12.165565 38.537417
7.175000 12.076247 38.036246
7.200000 11.990309 37.539639
7.225000 11.907662 37.047660
7.250000 11.828220 36.560369
7.275000 11.751903 36.077817
7.300000 11.678629 35.600051
7.325000 11.608324 35.127111
7.350000 11.540912 34.659035
7.375000 11.476322 34.195853
7.400000 11.414486 33.737590
7.425000 11.355338 33.284269
7.450000 11.298812 32.835907
7.475000 11.244847 32.392518
7.500000 11.193383 31.954111
7.525000 11.144363 31.520692
7.550000 11.097732 31.092263
7.575000 11.053435 30.668823
7.600000 11.011421 30.250369
7.625000 10.971641 29.836894
7.650000 10.934045 29.428388
7.675000 10.898589 29.024839
7.700000 10.865226 28.626232
7.725000 10.833915 28.232550
7.750000 10.804613 27.843773
7.775000 10.777280 27.459882
7.800000 10.751879 27.080851
7.825000 10.728371 26.706657
7.850000 10.706721 26.337272
7.875000 10.686895 25.972668
7.900000 10.668859 25.612816
7.925000 10.652580 25.257684
7.950000 10.638029 24.907240
7.975000 10.625176 24.561449
8.000000 10.613991 24.220278
8.025000 10.604448 23.883690
8.050000 10.596520 23.551648
8.075000 10.590180 23.224115
8.100000 10.585406 22.901053
8.125000 10.582172 22.582421
8.150000 10.580457 22.268181
8.175000 10.580238 21.958292
8.200000 10.581495 21.652713
8.225000 10.584206 21.351401
8.250000 10.588354 21.054316
8.275000 10.593919 20.761415
8.300000 10.600883 20.472655
8.325000 10.609229 20.187993
8.350000 10.618941 19.907386
8.375000 10.630002 19.630791
8.400000 10.642398 19.358163
8.425000 10.656115 19.089460
8.450000 10.671137 18.824637
8.475000 10.687452 18.563650
8.500000 10.705048 18.306456
8.525000 10.723911 18.053011
8.550000 10.744030 17.803270
8.575000 10.765395 17.557190
8.600000 10.787995 17.314727
8.625000 10.811819 17.075837
8.650000 10.836857 16.840477
8.675000 10.863102 16.608604
8.700000 10.890544 16.380174
8.725000 10.919174 16.155144
8.750000 10.948985 15.933472
8.775000 10.979970 15.715114
8.800000 11.012122 15.500029
8.825000 11.045433 15.288174
8.850000 11.079899 15.079508
8.875000 11.115512 14.873988
8.900000 11.152268 14.671574
8.925000 11.190161 14.472225
8.950000 11.229186 14.275900
8.975000 11.269340 14.082558
9.000000 11.310618 13.892160
9.025000 11.353016 13.704666
9.050000 11.396531 13.520037
9.075000 11.441160 13.338233
9.100000 11.486899 13.159216
9.125000 11.533747 12.982948
9.150000 11.581700 12.809391
9.175000 11.630758 12.638507
9.200000 11.680918 12.470259
9.225000 11.732178 12.304610
9.250000 11.784538 12.141525
9.275000 11.837996 11.980967
9.300000 11.892552 11.822900
9.325000 11.948206 11.667290
9.350000 12.004956 11.514101
9.375000 12.062804 11.363299
9.400000 12.121749 11.214850
9.425000 12.181792 11.068721
9.450000 12.242933 10.924877
9.475000 12.305174 10.783288
9.500000 12.368515 10.643919
9.525000 12.432958 10.506739
9.550000 12.498504 10.371716
9.575000 12.565155 10.238820
9.600000 12.632913 10.108018
9.625000 12.701780 9.979282
9.650000 12.771759 9.852580
9.675000 12.842850 9.727884
9.700000 12.915059 9.605163
9.725000 12.988386 9.484389
9.750000 13.062836 9.365534
9.775000 13.138411 9.248569
9.800000 13.215115 9.133467
9.825000 13.292951 9.020200
9.850000 13.371924 8.908741
9.875000 13.452036 8.799064
9.900000 13.533292 8.691143
9.925000 13.615696 8.584952
9.950000 13.699252 8.480464
9.975000 13.783965 8.377656
10.000000 13.869840 8.276503
10.025000 13.956882 8.176979
10.050000 14.045094 8.079061
10.075000 14.134483 7.982726
10.100000 14.225053 7.887950
10.125000 14.316811 7.794709
10.150000 14.409761 7.702983
10.175000 14.503910 7.612747
10.200000 14.599262 7.523980
10.225000 14.695825 7.436661
10.250000 14.793604 7.350769
10.275000 14.892605 7.266281
10.300000 14.992834 7.183179
10.325000 15.094299 7.101440
10.350000 15.197006 7.021047
10.375000 15.300962 6.941977
10.400000 15.406173 6.864214
10.425000 15.512647 6.787737
10.450000 15.620390 6.712527
10.475000 15.729410 6.638566
10.500000 15.839715 6.565837
10.525000 15.951312 6.494321
10.550000 16.064208 6.424000
10.575000 16.178412 6.354858
10.600000 16.293931 6.286878
10.625000 16.410773 6.220042
10.650000 16.528947 6.154335
10.675000 16.648460 6.089740
10.700000 16.769322 6.026241
10.725000 16.891540 5.963824
10.750000 17.015123 5.902471
10.775000 17.140080 5.842170
10.800000 17.266420 5.782904
10.825000 17.394152 5.724660
10.850000 17.523284 5.667423
10.875000 17.653827 5.611179
10.900000 17.785788 5.555914
10.925000 17.919179 5.501615
10.950000 18.054008 5.448269
10.975000 18.190284 5.395862
11.000000 18.328019 5.344383
11.025000 18.467221 5.293817
11.050000 18.607900 5.244154
11.075000 18.750067 5.195381
11.100000 18.893731 5.147486
11.125000 19.038904 5.100458
11.150000 19.185594 5.054286
11.175000 19.333814 5.008958
11.200000 19.483573 4.964463
11.225000 19.634882 4.920791
11.250000 19.787753 4.877931
11.275000 19.942195 4.835873
11.300000 20.098220 4.794607
11.325000 20.255838 4.754124
11.350000 20.415062 4.714413
11.375000 20.575903 4.675466
11.400000 20.738371 4.637273
11.425000 20.902478 4.599825
11.450000 21.068237 4.563113
11.475000 21.235657 4.527130
11.500000 21.404753 4.491865
11.525000 21.575534 4.457313
11.550000 21.748013 4.423464
11.575000 21.922203 4.390310
11.600000 22.098114 4.357845
11.625000 22.275760 4.326061
11.650000 22.455153 4.294950
11.675000 22.636305 4.264506
11.700000 22.819228 4.234723
11.725000 23.003936 4.205592
11.750000 23.190440 4.177109
11.775000 23.378753 4.149266
11.800000 23.568888 4.122059
11.825000 23.760859 4.095480
11.850000 23.954677 4.069525
11.875000 24.150356 4.044188
11.900000 24.347909 4.019463
11.925000 24.547348 3.995347
11.950000 24.748688 3.971833
11.975000 24.951941 3.948918
12.000000 25.157120 3.926596
12.025000 25.364240 3.904864
12.050000 25.573312 3.883717
12.075000 25.784352 3.863151
12.100000 25.997371 3.843163
12.125000 26.212384 3.823749
12.150000 26.429405 3.804906
12.175000 26.648446 3.786631
12.200000 26.869522 3.768920
12.225000 27.092646 3.751772
12.250000 27.317832 3.735182
12.275000 27.545094 3.719150
12.300000 27.774445 3.703672
12.325000 28.005899 3.688748
12.350000 28.239470 3.674374
12.375000 28.475172 3.660550
12.400000 28.713018 3.647274
12.425000 28.953022 3.634545
12.450000 29.195198 3.622362
12.475000 29.439560 3.610724
12.500000 29.686122 3.599631
12.525000 29.934896 3.589082
12.550000 30.185898 3.579078
12.575000 30.439140 3.569618
12.600000 30.694636 3.560703
12.625000 30.952400 3.552333
12.650000 31.212445 3.544510
12.675000 31.474785 3.537234
12.700000 31.739432 3.530506
12.725000 32.006401 3.524328
12.750000 32.275705 3.518702
12.775000 32.547356 3.513630
12.800000 32.821368 3.509114
12.825000 33.097753 3.505157
12.850000 33.376525 3.501761
12.875000 33.657696 3.498930
12.900000 33.941278 3.496667
12.925000 34.227284 3.494975
12.950000 34.515727 3.493859
12.975000 34.806617 3.493323
13.000000 35.099967 3.493371
13.025000 35.395789 3.494009
13.050000 35.694094 3.495240
13.075000 35.994893 3.497072
13.100000 36.298198 3.499510
13.125000 36.604018 3.502560
13.150000 36.912365 3.506228
13.175000 37.223248 3.510522
13.200000 37.536678 3.515448
13.225000 37.852663 3.521015
13.250000 38.171214 3.527231
13.275000 38.492339 3.534104
13.300000 38.816046 3.541642
13.325000 39.142344 3.549856
13.350000 39.471240 3.558755
13.375000 39.802741 3.568349
13.400000 40.136855 3.578649
13.425000 40.473588 3.589667
13.450000 40.812944 3.601414
13.475000 41.154931 3.613901
13.500000 41.499552 3.627143
13.525000 41.846811 3.641152
13.550000 42.196713 3.655942
13.575000 42.549259 3.671528
13.600000 42.904452 3.687924
13.625000 43.262294 3.705147
13.650000 43.622785 3.723212
13.675000 43.985925 3.742138
13.700000 44.351714 3.761941
13.725000 44.720149 3.782640
13.750000 45.091228 3.804254
13.775000 45.464948 3.826804
13.800000 45.841304 3.850309
13.825000 46.220291 3.874793
13.850000 46.601902 3.900276
13.875000 46.986128 3.926782
13.900000 47.372963 3.954337
13.925000 47.762395 3.982964
13.950000 48.154412 4.012690
13.975000 48.549004 4.043543
14.000000 48.946154 4.075550
14.025000 49.345848 4.108742
14.050000 49.748070 4.143148
14.075000 50.152799 4.178800
14.100000 50.560017 4.215732
14.125000 50.969701 4.253977
14.150000 51.381827 4.293571
14.175000 51.796370 4.334552
14.200000 52.213302 4.376956
14.225000 52.632595 4.420825
14.250000 53.054215 4.466199
14.275000 53.478129 4.513122
14.300000 53.904301 4.561637
14.325000 54.332693 4.611792
14.350000 54.763263 4.663635
14.375000 55.195968 4.717215
14.400000 55.630760 4.772584
14.425000 56.067592 4.829796
14.450000 56.506410 4.888908
14.475000 56.947159 4.949976
14.500000 57.389782 5.013061
14.525000 57.834215 5.078227
14.550000 58.280394 5.145537
14.575000 58.728251 5.215059
14.600000 59.177711 5.286864
14.625000 59.628699 5.361024
14.650000 60.081134 5.437614
14.675000 60.534931 5.516713
14.700000 60.990002 5.598403
14.725000 61.446251 5.682766
14.750000 61.903580 5.769892
14.775000 62.361886 5.859871
14.800000 62.821060 5.952798
14.825000 63.280988 6.048769
14.850000 63.741551 6.147888
14.875000 64.202622 6.250259
14.900000 64.664071 6.355991
14.925000 65.125760 6.465199
14.950000 65.587545 6.577999
14.975000 66.049274 6.694514
15.000000 66.510792 6.814870
15.025000 66.971931 6.939199
15.050000 67.432521 7.067636
15.075000 67.892382 7.200321
15.100000 68.351325 7.337402
15.125000 68.809153 7.479028
15.150000 69.265663 7.625358
15.175000 69.720641 7.776551
15.200000 70.173864 7.932777
15.225000 70.625099 8.094209
15.250000 71.074106 8.261026
15.275000 71.520631 8.433414
15.300000 71.964414 8.611565
15.325000 72.405182 8.795676
15.350000 72.842650 8.985953
15.375000 73.276524 9.182606
15.400000 73.706498 9.385854
15.425000 74.132254 9.595921
15.450000 74.553461 9.813038
15.475000 74.969778 10.037445
15.500000 75.380848 10.269387
15.525000 75.786305 10.509115
15.550000 76.185767 10.756890
15.575000 76.578839 11.012977
15.600000 76.965115 11.277650
15.625000 77.344173 11.551189
15.650000 77.715577 11.833880
15.675000 78.078878 12.126017
15.700000 78.433613 12.427898
15.725000 78.779305 12.739830
15.750000 79.115463 13.062124
15.775000 79.441580 13.395095
15.800000 79.757138 13.739067
15.825000 80.061605 14.094364
15.850000 80.354433 14.461317
15.875000 80.635064 14.840258
15.900000 80.902924 15.231524
15.925000 81.157430 15.635451
15.950000 81.397984 16.052379
15.975000 81.623980 16.482644
16.000000 81.834799 16.926584
16.025000 82.029814 17.384533
16.050000 82.208390 17.856821
16.075000 82.369883 18.343774
16.100000 82.513643 18.845708
16.125000 82.639017 19.362935
16.150000 82.745347 19.895754
16.175000 82.831974 20.444450
16.200000 82.898239 21.009297
16.225000 82.943486 21.590551
16.250000 82.967063 22.188447
16.275000 82.968324 22.803202
16.300000 82.946633 23.435005
16.325000 82.901364 24.084022
16.350000 82.831909 24.750385
16.375000 82.737673 25.434197
16.400000 82.618085 26.135524
16.425000 82.472596 26.854392
16.450000 82.300684 27.590786
16.475000 82.101857 28.344646
16.500000 81.875659 29.115864
16.525000 81.621669 29.904278
16.550000 81.339509 30.709673
16.575000 81.028845 31.531778
16.600000 80.689391 32.370258
16.625000 80.320914 33.224716
16.650000 79.923235 34.094690
16.675000 79.496236 34.979647
16.700000 79.039861 35.878985
16.725000 78.554118 36.792031
16.750000 78.039085 37.718035
16.775000 77.494909 38.656176
16.800000 76.921813 39.605555
16.825000 76.320092 40.565200
16.850000 75.690120 41.534061
16.875000 75.032348 42.511018
16.900000 74.347306 43.494876
16.925000 73.635602 44.484371
16.950000 72.897923 45.478173
16.975000 72.135033 46.474886
17.000000 71.347773 47.473058
17.025000 70.537057 48.471177
17.050000 69.703871 49.467687
17.075000 68.849270 50.460984
17.100000 67.974372 51.449431
17.125000 67.080356 52.431357
17.150000 66.168458 53.405070
17.175000 65.239964 54.368864
17.200000 64.296203 55.321025
17.225000 63.338546 56.259840
17.250000 62.368394 57.183608
17.275000 61.387175 58.090644
17.300000 60.396338 58.979293
17.325000 59.397341 59.847934
17.350000 58.391651 60.694990
17.375000 57.380731 61.518937
17.400000 56.366038 62.318309
17.425000 55.349012 63.091709
17.450000 54.331073 63.837811
17.475000 53.313615 64.555371
17.500000 52.297995 65.243230
17.525000 51.285534 65.900317
17.550000 50.277510 66.525657
17.575000 49.275150 67.118372
17.600000 48.279631 67.677684
17.625000 47.292073 68.202916
17.650000 46.313538 68.693496
17.675000 45.345026 69.148953
17.700000 44.387474 69.568922
17.725000 43.441753 69.953137
17.750000 42.508672 70.301434
17.775000 41.588969 70.613747
17.800000 40.683320 70.890105
17.825000 39.792333 71.130629
17.850000 38.916552 71.335527
17.875000 38.056458 71.505093
17.900000 37.212469 71.639699
17.925000 36.384943 71.739791
17.950000 35.574181 71.805888
17.975000 34.780427 71.838571
18.000000 34.003872 71.838481
18.025000 33.244656 71.806313
18.050000 32.502874 71.742814
18.075000 31.778571 71.648770
18.100000 31.071754 71.525009
18.125000 30.382388 71.372393
18.150000 29.710403 71.191812
18.175000 29.055695 70.984180
18.200000 28.418130 70.750431
18.225000 27.797543 70.491514
18.250000 27.193748 70.208391
18.275000 26.606532 69.902030
18.300000 26.035665 69.573404
18.325000 25.480896 69.223485
18.350000 24.941960 68.853244
18.375000 24.418579 68.463647
18.400000 23.910462 68.055650
18.425000 23.417308 67.630201
18.450000 22.938808 67.188235
18.475000 22.474648 66.730670
18.500000 22.024508 66.258412
18.525000 21.588064 65.772346
18.550000 21.164990 65.273341
18.575000 20.754961 64.762242
18.600000 20.357649 64.239876
18.625000 19.972727 63.707048
18.650000 19.599873 63.164539
18.675000 19.238764 62.613108
18.700000 18.889082 62.053490
18.725000 18.550513 61.486397
18.750000 18.222746 60.912517
18.775000 17.905477 60.332513
18.800000 17.598404 59.747025
18.825000 17.301235 59.156669
18.850000 17.013680 58.562039
18.875000 16.735456 57.963703
18.900000 16.466289 57.362207
18.925000 16.205908 56.758075
18.950000 15.954049 56.151807
18.975000 15.710458 55.543884
19.000000 15.474884 54.934763
19.025000 15.247083 54.324880
19.050000 15.026821 53.714653
19.075000 14.813867 53.104477
19.100000 14.607998 52.494730
19.125000 14.408999 51.885770
19.150000 14.216659 51.277938
19.175000 14.030775 50.671554
19.200000 13.851151 50.066926
19.225000 13.677594 49.464341
19.250000 13.509921 48.864072
19.275000 13.347953 48.266377
19.300000 13.191517 47.671497
19.325000 13.040445 47.079662
19.350000 12.894577 46.491084
19.375000 12.753755 45.905965
19.400000 12.617830 45.324493
19.425000 12.486654 44.746843
19.450000 12.360089 44.173181
19.475000 12.237997 43.603659
19.500000 12.120247 43.038418
19.525000 12.006713 42.477590
19.550000 11.897273 41.921298
19.575000 11.791809 41.369652
19.600000 11.690206 40.822758
19.625000 11.592356 40.280708
19.650000 11.498153 39.743589
19.675000 11.407495 39.211479
19.700000 11.320283 38.684450
19.725000 11.236422 38.162564
19.750000 11.155821 37.645879
19.775000 11.078393 37.134445
19.800000 11.004051 36.628305
19.825000 10.932715 36.127498
19.850000 10.864305 35.632057
19.875000 10.798745 35.142009
19.900000 10.735962 34.657375
19.925000 10.675885 34.178174
19.950000 10.618447 33.704417
19.975000 10.563582 33.236115
20.000000 10.511226 32.773271
20.025000 10.461319 32.315886
20.050000 10.413802 31.863956
20.075000 10.368619 31.417476
20.100000 10.325715 30.976437
20.125000 10.285038 30.540824
20.150000 10.246537 30.110623
20.175000 10.210164 29.685815
20.200000 10.175872 29.266379
20.225000 10.143616 28.852293
20.250000 10.113352 28.443530
20.275000 10.085039 28.040064
20.300000 10.058636 27.641864
20.325000 10.034105 27.248899
20.350000 10.011408 26.861137
20.375000 9.990509 26.478542
20.400000 9.971373 26.101078
20.425000 9.953969 25.728708
20.450000 9.938262 25.361393
20.475000 9.924223 24.999093
20.500000 9.911822 24.641767
20.525000 9.901030 24.289372
20.550000 9.891820 23.941866
20.575000 9.884165 23.599205
20.600000 9.878040 23.261345
20.625000 9.873421 22.928239
20.650000 9.870284 22.599843
20.675000 9.868607 22.276110
20.700000 9.868368 21.956992
20.725000 9.869546 21.642443
20.750000 9.872121 21.332415
20.775000 9.876074 21.026860
20.800000 9.881386 20.725728
20.825000 9.888040 20.428973
20.850000 9.896020 20.136545
20.875000 9.905308 19.848396
20.900000 9.915889 19.564475
20.925000 9.927748 19.284735
20.950000 9.940871 19.009127
20.975000 9.955245 18.737600
21.000000 9.970855 18.470107
21.025000 9.987690 18.206599
21.050000 10.005739 17.947026
21.075000 10.024988 17.691340
21.100000 10.045428 17.439492
21.125000 10.067048 17.191435
21.150000 10.089838 16.947120
21.175000 10.113790 16.706499
21.200000 10.138893 16.469525
21.225000 10.165139 16.236149
21.250000 10.192522 16.006326
21.275000 10.221032 15.780007
21.300000 10.250662 15.557148
21.325000 10.281407 15.337701
21.350000 10.313259 15.121620
21.375000 10.346213 14.908861
21.400000 10.380262 14.699378
21.425000 10.415402 14.493126
21.450000 10.451628 14.290060
21.475000 10.488935 14.090138
21.500000 10.527319 13.893315
21.525000 10.566775 13.699548
21.550000 10.607301 13.508794
21.575000 10.648892 13.321011
21.600000 10.691547 13.136156
21.625000 10.735262 12.954190
21.650000 10.780035 12.775069
21.675000 10.825863 12.598754
21.700000 10.872745 12.425205
21.725000 10.920679 12.254381
21.750000 10.969664 12.086243
21.775000 11.019699 11.920753
21.800000 11.070782 11.757872
21.825000 11.122914 11.597562
21.850000 11.176094 11.439785
21.875000 11.230322 11.284504
21.900000 11.285597 11.131683
21.925000 11.341920 10.981285
21.950000 11.399293 10.833275
21.975000 11.457714 10.687617
22.000000 11.517186 10.544277
22.025000 11.577710 10.403219
22.050000 11.639287 10.264411
22.075000 11.701918 10.127818
22.100000 11.765605 9.993408
22.125000 11.830351 9.861148
22.150000 11.896157 9.731005
22.175000 11.963026 9.602947
22.200000 12.030960 9.476945
22.225000 12.099962 9.352965
22.250000 12.170035 9.230979
22.275000 12.241182 9.110956
22.300000 12.313406 8.992866
22.325000 12.386710 8.876680
22.350000 12.461098 8.762369
22.375000 12.536574 8.649905
22.400000 12.613142 8.539260
22.425000 12.690805 8.430407
22.450000 12.769569 8.323317
22.475000 12.849436 8.217965
22.500000 12.930412 8.114323
22.525000 13.012501 8.012366
22.550000 13.095709 7.912069
22.575000 13.180040 7.813406
22.600000 13.265499 7.716352
22.625000 13.352091 7.620883
22.650000 13.439822 7.526974
22.675000 13.528698 7.434602
22.700000 13.618724 7.343744
22.725000 13.709905 7.254376
22.750000 13.802249 7.166476
22.775000 13.895760 7.080022
22.800000 13.990446 6.994991
22.825000 14.086312 6.911363
22.850000 14.183365 6.829115
22.875000 14.281612 6.748227
22.900000 14.381059 6.668679
22.925000 14.481713 6.590449
22.950000 14.583582 6.513519
22.975000 14.686672 6.437868
23.000000 14.790991 6.363477
23.025000 14.896546 6.290328
23.050000 15.003345 6.218401
23.075000 15.111394 6.147679
23.100000 15.220703 6.078143
23.125000 15.331279 6.009775
23.150000 15.443130 5.942559
23.175000 15.556264 5.876476
23.200000 15.670690 5.811511
23.225000 15.786415 5.747646
23.250000 15.903448 5.684866
23.275000 16.021799 5.623154
23.300000 16.141475 5.562494
23.325000 16.262486 5.502872
23.350000 16.384840 5.444271
23.375000 16.508547 5.386678
23.400000 16.633615 5.330077
23.425000 16.760055 5.274454
23.450000 16.887876 5.219795
23.475000 17.017086 5.166086
23.500000 17.147697 5.113313
23.525000 17.279717 5.061464
23.550000 17.413157 5.010525
23.575000 17.548027 4.960482
23.600000 17.684336 4.911325
23.625000 17.822095 4.863039
23.650000 17.961315 4.815613
23.675000 18.102005 4.769035
23.700000 18.244177 4.723294
23.725000 18.387841 4.678377
23.750000 18.533008 4.634274
23.775000 18.679689 4.590974
23.800000 18.827895 4.548465
23.825000 18.977637 4.506738
23.850000 19.128926 4.465781
23.875000 19.281774 4.425585
23.900000 19.436192 4.386140
23.925000 19.592191 4.347436
23.950000 19.749784 4.309463
23.975000 19.908982 4.272213
24.000000 20.069797 4.235675
24.025000 20.232241 4.199842
24.050000 20.396325 4.164704
24.075000 20.562064 4.130253
24.100000 20.729467 4.096481
24.125000 20.898549 4.063379
24.150000 21.069321 4.030940
24.175000 21.241796 3.999155
24.200000 21.415987 3.968018
24.225000 21.591906 3.937521
24.250000 21.769567 3.907656
24.275000 21.948982 3.878417
24.300000 22.130164 3.849797
24.325000 22.313128 3.821789
24.350000 22.497885 3.794387
24.375000 22.684449 3.767584
24.400000 22.872834 3.741375
24.425000 23.063053 3.715754
24.450000 23.255120 3.690714
24.475000 23.449049 3.666251
24.500000 23.644853 3.642359
24.525000 23.842546 3.619033
24.550000 24.042142 3.596267
24.575000 24.243656 3.574057
24.600000 24.447101 3.552399
24.625000 24.652491 3.531287
24.650000 24.859841 3.510718
24.675000 25.069165 3.490687
24.700000 25.280478 3.471191
24.725000 25.493794 3.452225
24.750000 25.709127 3.433787
24.775000 25.926493 3.415872
24.800000 26.145905 3.398477
24.825000 26.367379 3.381600
24.850000 26.590929 3.365238
24.875000 26.816570 3.349387
24.900000 27.044317 3.334045
24.925000 27.274185 3.319210
24.950000 27.506189 3.304880
24.975000 27.740344 3.291052
25.000000 27.976664 3.277726
