t x y
0.000000 30.000000 4.000000
0.025000 30.247083 3.989297
0.050000 30.496345 3.979191
0.075000 30.747796 3.969682
0.100000 31.001449 3.960770
0.125000 31.257315 3.952458
0.150000 31.515407 3.944745
0.175000 31.775736 3.937635
0.200000 32.038313 3.931128
0.225000 32.303151 3.925228
0.250000 32.570260 3.919935
0.275000 32.839651 3.915254
0.300000 33.111335 3.911186
0.325000 33.385324 3.907736
0.350000 33.661627 3.904906
0.375000 33.940256 3.902702
0.400000 34.221220 3.901125
0.425000 34.504529 3.900183
0.450000 34.790194 3.899878
0.475000 35.078223 3.900217
0.500000 35.368627 3.901204
0.525000 35.661413 3.902846
0.550000 35.956592 3.905149
0.575000 36.254171 3.908119
0.600000 36.554158 3.911763
0.625000 36.856561 3.916089
0.650000 37.161388 3.921104
0.675000 37.468646 3.926816
0.700000 37.778341 3.933235
0.725000 38.090480 3.940368
0.750000 38.405068 3.948225
0.775000 38.722111 3.956817
0.800000 39.041614 3.966153
0.825000 39.363582 3.976244
0.850000 39.688017 3.987102
0.875000 40.014924 3.998738
0.900000 40.344306 4.011166
0.925000 40.676164 4.024396
0.950000 41.010500 4.038444
0.975000 41.347315 4.053323
1.000000 41.686609 4.069047
1.025000 42.028382 4.085632
1.050000 42.372633 4.103094
1.075000 42.719359 4.121450
1.100000 43.068558 4.140716
1.125000 43.420226 4.160910
1.150000 43.774358 4.182051
1.175000 44.130950 4.204159
1.200000 44.489993 4.227253
1.225000 44.851482 4.251355
1.250000 45.215407 4.276485
1.275000 45.581759 4.302668
1.300000 45.950527 4.329926
1.325000 46.321699 4.358284
1.350000 46.695262 4.387766
1.375000 47.071200 4.418400
1.400000 47.449499 4.450213
1.425000 47.830140 4.483233
1.450000 48.213106 4.517490
1.475000 48.598374 4.553014
1.500000 48.985925 4.589837
1.525000 49.375733 4.627992
1.550000 49.767773 4.667513
1.575000 50.162018 4.708436
1.600000 50.558440 4.750797
1.625000 50.957006 4.794636
1.650000 51.357683 4.839990
1.675000 51.760437 4.886903
1.700000 52.165230 4.935416
1.725000 52.572021 4.985573
1.750000 52.980769 5.037422
1.775000 53.391429 5.091008
1.800000 53.803953 5.146383
1.825000 54.218292 5.203596
1.850000 54.634391 5.262702
1.875000 55.052196 5.323756
1.900000 55.471647 5.386814
1.925000 55.892683 5.451936
1.950000 56.315237 5.519184
1.975000 56.739241 5.588622
2.000000 57.164623 5.660315
2.025000 57.591307 5.734332
2.050000 58.019212 5.810745
2.075000 58.448255 5.889627
2.100000 58.878347 5.971054
2.125000 59.309396 6.055105
2.150000 59.741306 6.141864
2.175000 60.173974 6.231414
2.200000 60.607295 6.323844
2.225000 61.041158 6.419245
2.250000 61.475445 6.517712
2.275000 61.910035 6.619343
2.300000 62.344802 6.724239
2.325000 62.779611 6.832504
2.350000 63.214324 6.944249
2.375000 63.648796 7.059585
2.400000 64.082876 7.178629
2.425000 64.516405 7.301501
2.450000 64.949219 7.428327
2.475000 65.381146 7.559234
2.500000 65.812008 7.694356
2.525000 66.241617 7.833832
2.550000 66.669779 7.977802
2.575000 67.096293 8.126416
2.600000 67.520948 8.279823
2.625000 67.943526 8.438181
2.650000 68.363800 8.601652
2.675000 68.781533 8.770403
2.700000 69.196480 8.944605
2.725000 69.608387 9.124436
2.750000 70.016989 9.310079
2.775000 70.422014 9.501721
2.800000 70.823176 9.699555
2.825000 71.220182 9.903781
2.850000 71.612728 10.114602
2.875000 72.000497 10.332229
2.900000 72.383165 10.556877
2.925000 72.760394 10.788765
2.950000 73.131837 11.028121
2.975000 73.497133 11.275175
3.000000 73.855914 11.530163
3.025000 74.207795 11.793328
3.050000 74.552385 12.064914
3.075000 74.889278 12.345174
3.100000 75.218057 12.634361
3.125000 75.538296 12.932736
3.150000 75.849553 13.240561
3.175000 76.151380 13.558103
3.200000 76.443315 13.885631
3.225000 76.724885 14.223416
3.250000 76.995607 14.571732
3.275000 77.254989 14.930854
3.300000 77.502529 15.301057
3.325000 77.737713 15.682616
3.350000 77.960023 16.075804
3.375000 78.168930 16.480894
3.400000 78.363898 16.898155
3.425000 78.544385 17.327850
3.450000 78.709845 17.770241
3.475000 78.859724 18.225579
3.500000 78.993470 18.694109
3.525000 79.110523 19.176068
3.550000 79.210328 19.671681
3.575000 79.292327 20.181158
3.600000 79.355965 20.704699
3.625000 79.400694 21.242485
3.650000 79.425967 21.794680
3.675000 79.431249 22.361427
3.700000 79.416014 22.942847
3.725000 79.379748 23.539039
3.750000 79.321949 24.150072
3.775000 79.242136 24.775988
3.800000 79.139844 25.416797
3.825000 79.014631 26.072478
3.850000 78.866079 26.742970
3.875000 78.693797 27.428178
3.900000 78.497426 28.127962
3.925000 78.276635 28.842144
3.950000 78.031133 29.570497
3.975000 77.760664 30.312748
4.000000 77.465015 31.068576
4.025000 77.144014 31.837607
4.050000 76.797538 32.619417
4.075000 76.425510 33.413524
4.100000 76.027905 34.219392
4.125000 75.604751 35.036430
4.150000 75.156132 35.863988
4.175000 74.682188 36.701359
4.200000 74.183116 37.547778
4.225000 73.659176 38.402422
4.250000 73.110686 39.264412
4.275000 72.538025 40.132813
4.300000 71.941637 41.006636
4.325000 71.322023 41.884839
4.350000 70.679748 42.766332
4.375000 70.015436 43.649976
4.400000 69.329772 44.534589
4.425000 68.623495 45.418949
4.450000 67.897402 46.301797
4.475000 67.152342 47.181843
4.500000 66.389215 48.057770
4.525000 65.608966 48.928241
4.550000 64.812586 49.791900
4.575000 64.001103 50.647382
4.600000 63.175584 51.493317
4.625000 62.337124 52.328337
4.650000 61.486845 53.151080
4.675000 60.625894 53.960200
4.700000 59.755431 54.754368
4.725000 58.876631 55.532282
4.750000 57.990673 56.292674
4.775000 57.098742 57.034310
4.800000 56.202016 57.756002
4.825000 55.301668 58.456609
4.850000 54.398858 59.135042
4.875000 53.494727 59.790272
4.900000 52.590398 60.421331
4.925000 51.686965 61.027318
4.950000 50.785494 61.607396
4.975000 49.887020 62.160806
5.000000 48.992538 62.686857
5.025000 48.103008 63.184936
5.050000 47.219346 63.654506
5.075000 46.342424 64.095108
5.100000 45.473072 64.506360
5.125000 44.612069 64.887955
5.150000 43.760148 65.239665
5.175000 42.917993 65.561336
5.200000 42.086238 65.852888
5.225000 41.265470 66.114314
5.250000 40.456224 66.345674
5.275000 39.658987 66.547096
5.300000 38.874198 66.718774
5.325000 38.102250 66.860959
5.350000 37.343489 66.973964
5.375000 36.598216 67.058154
5.400000 35.866688 67.113947
5.425000 35.149123 67.141806
5.450000 34.445696 67.142240
5.475000 33.756547 67.115796
5.500000 33.081777 67.063059
5.525000 32.421453 66.984647
5.550000 31.775613 66.881206
5.575000 31.144259 66.753410
5.600000 30.527371 66.601952
5.625000 29.924897 66.427547
5.650000 29.336764 66.230925
5.675000 28.762876 66.012828
5.700000 28.203116 65.774011
5.725000 27.657347 65.515232
5.750000 27.125417 65.237257
5.775000 26.607157 64.940853
5.800000 26.102386 64.626786
5.825000 25.610910 64.295822
5.850000 25.132522 63.948721
5.875000 24.667010 63.586239
5.900000 24.214151 63.209123
5.925000 23.773716 62.818110
5.950000 23.345469 62.413929
5.975000 22.929172 61.997295
6.000000 22.524581 61.568914
6.025000 22.131452 61.129473
6.050000 21.749536 60.679649
6.075000 21.378586 60.220101
6.100000 21.018352 59.751474
6.125000 20.668587 59.274396
6.150000 20.329042 58.789478
6.175000 19.999473 58.297314
6.200000 19.679635 57.798480
6.225000 19.369286 57.293535
6.250000 19.068188 56.783022
6.275000 18.776106 56.267463
6.300000 18.492807 55.747364
6.325000 18.218063 55.223215
6.350000 17.951650 54.695485
6.375000 17.693346 54.164630
6.400000 17.442937 53.631084
6.425000 17.200210 53.095267
6.450000 16.964958 52.557583
6.475000 16.736979 52.018418
6.500000 16.516075 51.478141
6.525000 16.302052 50.937108
6.550000 16.094722 50.395658
6.575000 15.893902 49.854115
6.600000 15.699413 49.312787
6.625000 15.511080 48.771971
6.650000 15.328734 48.231947
6.675000 15.152210 47.692983
6.700000 14.981347 47.155334
6.725000 14.815990 46.619240
6.750000 14.655988 46.084930
6.775000 14.501194 45.552623
6.800000 14.351464 45.022524
6.825000 14.206662 44.494827
6.850000 14.066653 43.969715
6.875000 13.931306 43.447362
6.900000 13.800497 42.927931
6.925000 13.674102 42.411574
6.950000 13.552004 41.898436
6.975000 13.434087 41.388651
7.000000 13.320242 40.882345
7.025000 13.210360 40.379636
7.050000 13.104338 39.880634
7.075000 13.002075 39.385441
7.100000 12.903474 38.894151
7.125000 12.808440 38.406852
7.150000 12.716883 37.923625
7.175000 12.628715 37.444543
7.200000 12.543850 36.969675
7.225000 12.462206 36.499082
7.250000 12.383704 36.032821
7.275000 12.308266 35.570943
7.300000 12.235819 35.113492
7.325000 12.166290 34.660510
7.350000 12.099610 34.212033
7.375000 12.035712 33.768091
7.400000 11.974531 33.328711
7.425000 11.916004 32.893917
7.450000 11.860072 32.463728
7.475000 11.806675 32.038157
7.500000 11.755758 31.617218
7.525000 11.707265 31.200918
7.550000 11.661145 30.789262
7.575000 11.617345 30.382252
7.600000 11.575819 29.979887
7.625000 11.536517 29.582163
7.650000 11.499395 29.189075
7.675000 11.464407 28.800614
7.700000 11.431513 28.416768
7.725000 11.400670 28.037524
7.750000 11.371839 27.662867
7.775000 11.344982 27.292780
7.800000 11.320062 26.927243
7.825000 11.297043 26.566236
7.850000 11.275892 26.209736
7.875000 11.256574 25.857719
7.900000 11.239058 25.510161
7.925000 11.223313 25.167033
7.950000 11.209310 24.828309
7.975000 11.197020 24.493958
8.000000 11.186415 24.163951
8.025000 11.177469 23.838256
8.050000 11.170157 23.516841
8.075000 11.164453 23.199674
8.100000 11.160335 22.886719
8.125000 11.157779 22.577942
8.150000 11.156763 22.273309
8.175000 11.157266 21.972783
8.200000 11.159267 21.676327
8.225000 11.162749 21.383905
8.250000 11.167690 21.095479
8.275000 11.174074 20.811011
8.300000 11.181883 20.530463
8.325000 11.191101 20.253796
8.350000 11.201710 19.980971
8.375000 11.213697 19.711950
8.400000 11.227046 19.446692
8.425000 11.241744 19.185158
8.450000 11.257776 18.927309
8.475000 11.275130 18.673105
8.500000 11.293793 18.422506
8.525000 11.313754 18.175471
8.550000 11.335001 17.931962
8.575000 11.357523 17.691937
8.600000 11.381311 17.455358
8.625000 11.406354 17.222184
8.650000 11.432643 16.992376
8.675000 11.460168 16.765894
8.700000 11.488923 16.542698
8.725000 11.518898 16.322749
8.750000 11.550086 16.106007
8.775000 11.582479 15.892434
8.800000 11.616072 15.681991
8.825000 11.650857 15.474638
8.850000 11.686829 15.270338
8.875000 11.723981 15.069052
8.900000 11.762310 14.870741
8.925000 11.801808 14.675369
8.950000 11.842473 14.482897
8.975000 11.884299 14.293289
9.000000 11.927283 14.106507
9.025000 11.971422 13.922514
9.050000 12.016710 13.741275
9.075000 12.063147 13.562752
9.100000 12.110729 13.386911
9.125000 12.159453 13.213715
9.150000 12.209317 13.043130
9.175000 12.260320 12.875120
9.200000 12.312460 12.709651
9.225000 12.365735 12.546689
9.250000 12.420144 12.386200
9.275000 12.475687 12.228150
9.300000 12.532363 12.072507
9.325000 12.590171 11.919237
9.350000 12.649111 11.768307
9.375000 12.709184 11.619687
9.400000 12.770390 11.473343
9.425000 12.832729 11.329245
9.450000 12.896202 11.187361
9.475000 12.960810 11.047661
9.500000 13.026555 10.910114
9.525000 13.093436 10.774691
9.550000 13.161457 10.641361
9.575000 13.230619 10.510095
9.600000 13.300924 10.380865
9.625000 13.372374 10.253642
9.650000 13.444972 10.128397
9.675000 13.518720 10.005103
9.700000 13.593620 9.883732
9.725000 13.669676 9.764258
9.750000 13.746891 9.646652
9.775000 13.825267 9.530890
9.800000 13.904810 9.416944
9.825000 13.985521 9.304789
9.850000 14.067405 9.194399
9.875000 14.150466 9.085750
9.900000 14.234708 8.978817
9.925000 14.320134 8.873575
9.950000 14.406751 8.770000
9.975000 14.494561 8.668069
10.000000 14.583570 8.567758
10.025000 14.673783 8.469044
10.050000 14.765204 8.371905
10.075000 14.857839 8.276318
10.100000 14.951694 8.182261
10.125000 15.046772 8.089712
10.150000 15.143081 7.998650
10.175000 15.240626 7.909054
10.200000 15.339413 7.820902
10.225000 15.439447 7.734176
10.250000 15.540735 7.648854
10.275000 15.643284 7.564916
10.300000 15.747099 7.482343
10.325000 15.852187 7.401116
10.350000 15.958555 7.321216
10.375000 16.066210 7.242624
10.400000 16.175158 7.165322
10.425000 16.285406 7.089292
10.450000 16.396963 7.014515
10.475000 16.509834 6.940976
10.500000 16.624028 6.868655
10.525000 16.739552 6.797537
10.550000 16.856414 6.727605
10.575000 16.974621 6.658842
10.600000 17.094182 6.591232
10.625000 17.215104 6.524760
10.650000 17.337396 6.459411
10.675000 17.461065 6.395167
10.700000 17.586121 6.332016
10.725000 17.712571 6.269941
10.750000 17.840425 6.208929
10.775000 17.969690 6.148965
10.800000 18.100376 6.090035
10.825000 18.232492 6.032126
10.850000 18.366047 5.975223
10.875000 18.501050 5.919315
10.900000 18.637509 5.864387
10.925000 18.775435 5.810427
10.950000 18.914837 5.757423
10.975000 19.055725 5.705362
11.000000 19.198107 5.654232
11.025000 19.341995 5.604022
11.050000 19.487397 5.554719
11.075000 19.634324 5.506313
11.100000 19.782785 5.458792
11.125000 19.932791 5.412146
11.150000 20.084353 5.366363
11.175000 20.237480 5.321434
11.200000 20.392182 5.277348
11.225000 20.548471 5.234096
11.250000 20.706357 5.191666
11.275000 20.865851 5.150051
11.300000 21.026963 5.109240
11.325000 21.189705 5.069224
11.350000 21.354086 5.029995
11.375000 21.520120 4.991543
11.400000 21.687815 4.953861
11.425000 21.857184 4.916939
11.450000 22.028238 4.880770
11.475000 22.200988 4.845347
11.500000 22.375446 4.810660
11.525000 22.551623 4.776704
11.550000 22.729531 4.743469
11.575000 22.909182 4.710951
11.600000 23.090586 4.679141
11.625000 23.273756 4.648033
11.650000 23.458704 4.617620
11.675000 23.645442 4.587896
11.700000 23.833981 4.558856
11.725000 24.024334 4.530493
11.750000 24.216512 4.502802
11.775000 24.410528 4.475776
11.800000 24.606395 4.449412
11.825000 24.804123 4.423704
11.850000 25.003726 4.398646
11.875000 25.205216 4.374235
11.900000 25.408604 4.350465
11.925000 25.613904 4.327334
11.950000 25.821129 4.304835
11.975000 26.030289 4.282967
12.000000 26.241398 4.261724
12.025000 26.454469 4.241104
12.050000 26.669513 4.221103
12.075000 26.886544 4.201718
12.100000 27.105573 4.182947
12.125000 27.326614 4.164786
12.150000 27.549679 4.147234
12.175000 27.774780 4.130288
12.200000 28.001930 4.113946
12.225000 28.231142 4.098206
12.250000 28.462427 4.083067
12.275000 28.695799 4.068527
12.300000 28.931270 4.054586
12.325000 29.168852 4.041242
12.350000 29.408558 4.028495
12.375000 29.650400 4.016344
12.400000 29.894390 4.004789
12.425000 30.140540 3.993829
12.450000 30.388863 3.983466
12.475000 30.639371 3.973700
12.500000 30.892075 3.964531
12.525000 31.146988 3.955961
12.550000 31.404121 3.947990
12.575000 31.663486 3.940621
12.600000 31.925095 3.933854
12.625000 32.188959 3.927693
12.650000 32.455090 3.922138
12.675000 32.723498 3.917194
12.700000 32.994194 3.912862
12.725000 33.267190 3.909146
12.750000 33.542497 3.906049
12.775000 33.820124 3.903575
12.800000 34.100082 3.901728
12.825000 34.382382 3.900512
12.850000 34.667032 3.899932
12.875000 34.954043 3.899994
12.900000 35.243424 3.900701
12.925000 35.535185 3.902061
12.950000 35.829333 3.904078
12.975000 36.125879 3.906761
13.000000 36.424829 3.910114
13.025000 36.726192 3.914146
13.050000 37.029976 3.918863
13.075000 37.336187 3.924275
13.100000 37.644833 3.930388
13.125000 37.955920 3.937213
13.150000 38.269454 3.944758
13.175000 38.585440 3.953032
13.200000 38.903885 3.962047
13.225000 39.224792 3.971812
13.250000 39.548165 3.982339
13.275000 39.874009 3.993639
13.300000 40.202325 4.005724
13.325000 40.533118 4.018608
13.350000 40.866388 4.032302
13.375000 41.202136 4.046822
13.400000 41.540364 4.062180
13.425000 41.881071 4.078394
13.450000 42.224256 4.095477
13.475000 42.569918 4.113446
13.500000 42.918054 4.132318
13.525000 43.268660 4.152110
13.550000 43.621733 4.172842
13.575000 43.977268 4.194532
13.600000 44.335257 4.217199
13.625000 44.695695 4.240865
13.650000 45.058574 4.265550
13.675000 45.423883 4.291277
13.700000 45.791613 4.318070
13.725000 46.161753 4.345951
13.750000 46.534288 4.374947
13.775000 46.909207 4.405083
13.800000 47.286492 4.436385
13.825000 47.666128 4.468882
13.850000 48.048096 4.502604
13.875000 48.432377 4.537579
13.900000 48.818948 4.573839
13.925000 49.207788 4.611417
13.950000 49.598872 4.650346
13.975000 49.992172 4.690661
14.000000 50.387661 4.732399
14.025000 50.785308 4.775598
14.050000 51.185082 4.820295
14.075000 51.586947 4.866533
14.100000 51.990868 4.914352
14.125000 52.396804 4.963796
14.150000 52.804716 5.014912
14.175000 53.214559 5.067745
14.200000 53.626287 5.122344
14.225000 54.039851 5.178760
14.250000 54.455200 5.237046
14.275000 54.872278 5.297255
14.300000 55.291029 5.359443
14.325000 55.711391 5.423670
14.350000 56.133300 5.489997
14.375000 56.556689 5.558484
14.400000 56.981488 5.629199
14.425000 57.407621 5.702208
14.450000 57.835010 5.777581
14.475000 58.263574 5.855392
14.500000 58.693226 5.935715
14.525000 59.123875 6.018628
14.550000 59.555427 6.104212
14.575000 59.987782 6.192550
14.600000 60.420835 6.283731
14.625000 60.854478 6.377843
14.650000 61.288597 6.474979
14.675000 61.723073 6.575237
14.700000 62.157779 6.678715
14.725000 62.592587 6.785519
14.750000 63.027358 6.895753
14.775000 63.461952 7.009531
14.800000 63.896220 7.126965
14.825000 64.330006 7.248176
14.850000 64.763148 7.373285
14.875000 65.195478 7.502421
14.900000 65.626820 7.635713
14.925000 66.056991 7.773299
14.950000 66.485799 7.915319
14.975000 66.913048 8.061917
15.000000 67.338528 8.213243
15.025000 67.762027 8.369452
15.050000 68.183320 8.530704
15.075000 68.602175 8.697163
15.100000 69.018351 8.868999
15.125000 69.431598 9.046387
15.150000 69.841654 9.229507
15.175000 70.248252 9.418545
15.200000 70.651111 9.613692
15.225000 71.049941 9.815144
15.250000 71.444443 10.023103
15.275000 71.834306 10.237777
15.300000 72.219209 10.459378
15.325000 72.598819 10.688124
15.350000 72.972794 10.924240
15.375000 73.340779 11.167954
15.400000 73.702408 11.419500
15.425000 74.057304 11.679118
15.450000 74.405079 11.947052
15.475000 74.745333 12.223550
15.500000 75.077654 12.508866
15.525000 75.401619 12.803257
15.550000 75.716794 13.106985
15.575000 76.022733 13.420314
15.600000 76.318980 13.743514
15.625000 76.605066 14.076854
15.650000 76.880514 14.420607
15.675000 77.144835 14.775047
15.700000 77.397530 15.140450
15.725000 77.638092 15.517090
15.750000 77.866004 15.905243
15.775000 78.080741 16.305181
15.800000 78.281771 16.717173
15.825000 78.468553 17.141488
15.850000 78.640544 17.578387
15.875000 78.797192 18.028125
15.900000 78.937946 18.490952
15.925000 79.062247 18.967107
15.950000 79.169539 19.456820
15.975000 79.259265 19.960308
16.000000 79.330868 20.477777
16.025000 79.383797 21.009414
16.050000 79.417505 21.555392
16.075000 79.431451 22.115864
16.100000 79.425105 22.690959
16.125000 79.397947 23.280787
16.150000 79.349470 23.885429
16.175000 79.279184 24.504940
16.200000 79.186616 25.139345
16.225000 79.071314 25.788634
16.250000 78.932850 26.452764
16.275000 78.770822 27.131657
16.300000 78.584854 27.825191
16.325000 78.374605 28.533205
16.350000 78.139765 29.255492
16.375000 77.880064 29.991802
16.400000 77.595269 30.741833
16.425000 77.285191 31.505234
16.450000 76.949684 32.281603
16.475000 76.588653 33.070482
16.500000 76.202049 33.871361
16.525000 75.789878 34.683671
16.550000 75.352199 35.506787
16.575000 74.889127 36.340027
16.600000 74.400835 37.182651
16.625000 73.887556 38.033862
16.650000 73.349582 38.892803
16.675000 72.787268 39.758564
16.700000 72.201027 40.630179
16.725000 71.591338 41.506629
16.750000 70.958737 42.386844
16.775000 70.303824 43.269705
16.800000 69.627257 44.154048
16.825000 68.929752 45.038669
16.850000 68.212081 45.922323
16.875000 67.475072 46.803734
16.900000 66.719603 47.681595
16.925000 65.946600 48.554578
16.950000 65.157035 49.421333
16.975000 64.351920 50.280500
17.000000 63.532306 51.130709
17.025000 62.699276 51.970591
17.050000 61.853942 52.798781
17.075000 60.997440 53.613924
17.100000 60.130926 54.414684
17.125000 59.255567 55.199747
17.150000 58.372543 55.967829
17.175000 57.483037 56.717680
17.200000 56.588230 57.448093
17.225000 55.689297 58.157905
17.250000 54.787405 58.846005
17.275000 53.883704 59.511338
17.300000 52.979325 60.152908
17.325000 52.075374 60.769785
17.350000 51.172931 61.361105
17.375000 50.273044 61.926074
17.400000 49.376725 62.463972
17.425000 48.484950 62.974152
17.450000 47.598655 63.456046
17.475000 46.718730 63.909159
17.500000 45.846024 64.333077
17.525000 44.981337 64.727460
17.550000 44.125423 65.092048
17.575000 43.278987 65.426654
17.600000 42.442685 65.731166
17.625000 41.617123 66.005547
17.650000 40.802858 66.249827
17.675000 40.000399 66.464106
17.700000 39.210206 66.648550
17.725000 38.432690 66.803386
17.750000 37.668217 66.928900
17.775000 36.917108 67.025436
17.800000 36.179640 67.093390
17.825000 35.456045 67.133204
17.850000 34.746518 67.145369
17.875000 34.051213 67.130416
17.900000 33.370248 67.088915
17.925000 32.703705 67.021469
17.950000 32.051632 66.928713
17.975000 31.414049 66.811309
18.000000 30.790943 66.669942
18.025000 30.182277 66.505318
18.050000 29.587987 66.318162
18.075000 29.007985 66.109211
18.100000 28.442163 65.879213
18.125000 27.890394 65.628927
18.150000 27.352531 65.359115
18.175000 26.828413 65.070544
18.200000 26.317864 64.763980
18.225000 25.820694 64.440191
18.250000 25.336702 64.099939
18.275000 24.865679 63.743981
18.300000 24.407405 63.373068
18.325000 23.961654 62.987942
18.350000 23.528194 62.589337
18.375000 23.106787 62.177973
18.400000 22.697191 61.754559
18.425000 22.299162 61.319792
18.450000 21.912453 60.874352
18.475000 21.536817 60.418907
18.500000 21.172004 59.954108
18.525000 20.817767 59.480589
18.550000 20.473856 58.998970
18.575000 20.140026 58.509851
18.600000 19.816032 58.013816
18.625000 19.501631 57.511433
18.650000 19.196583 57.003249
18.675000 18.900652 56.489798
18.700000 18.613603 55.971591
18.725000 18.335208 55.449125
18.750000 18.065238 54.922880
18.775000 17.803473 54.393314
18.800000 17.549694 53.860873
18.825000 17.303689 53.325983
18.850000 17.065247 52.789054
18.875000 16.834164 52.250480
18.900000 16.610240 51.710637
18.925000 16.393281 51.169887
18.950000 16.183095 50.628576
18.975000 15.979498 50.087034
19.000000 15.782307 49.545577
19.025000 15.591347 49.004506
19.050000 15.406446 48.464108
19.075000 15.227438 47.924656
19.100000 15.054159 47.386411
19.125000 14.886453 46.849619
19.150000 14.724166 46.314515
19.175000 14.567149 45.781321
19.200000 14.415258 45.250248
19.225000 14.268354 44.721494
19.250000 14.126299 44.195249
19.275000 13.988962 43.671689
19.300000 13.856217 43.150981
19.325000 13.727938 42.633284
19.350000 13.604005 42.118744
19.375000 13.484304 41.607501
19.400000 13.368721 41.099684
19.425000 13.257147 40.595414
19.450000 13.149477 40.094805
19.475000 13.045610 39.597962
19.500000 12.945445 39.104982
19.525000 12.848888 38.615957
19.550000 12.755847 38.130968
19.575000 12.666232 37.650095
19.600000 12.579956 37.173406
19.625000 12.496937 36.700967
19.650000 12.417093 36.232837
19.675000 12.340346 35.769067
19.700000 12.266622 35.309707
19.725000 12.195846 34.854799
19.750000 12.127949 34.404380
19.775000 12.062862 33.958483
19.800000 12.000520 33.517139
19.825000 11.940860 33.080370
19.850000 11.883819 32.648198
19.875000 11.829339 32.220639
19.900000 11.777361 31.797706
19.925000 11.727832 31.379410
19.950000 11.680698 30.965756
19.975000 11.635906 30.556748
20.000000 11.593408 30.152385
20.025000 11.553155 29.752666
20.050000 11.515100 29.357585
20.075000 11.479200 28.967135
20.100000 11.445411 28.581305
20.125000 11.413690 28.200084
20.150000 11.383999 27.823456
20.175000 11.356298 27.451405
20.200000 11.330549 27.083914
20.225000 11.306716 26.720961
20.250000 11.284766 26.362525
20.275000 11.264663 26.008583
20.300000 11.246376 25.659111
20.325000 11.229873 25.314080
20.350000 11.215124 24.973466
20.375000 11.202101 24.637237
20.400000 11.190774 24.305366
20.425000 11.181118 23.977820
20.450000 11.173107 23.654568
20.475000 11.166714 23.335578
20.500000 11.161916 23.020815
20.525000 11.158691 22.710246
20.550000 11.157015 22.403835
20.575000 11.156867 22.101547
20.600000 11.158227 21.803345
20.625000 11.161074 21.509192
20.650000 11.165390 21.219052
20.675000 11.171155 20.932887
20.700000 11.178353 20.650657
20.725000 11.186967 20.372325
20.750000 11.196980 20.097853
20.775000 11.208376 19.827200
20.800000 11.221141 19.560328
20.825000 11.235260 19.297198
20.850000 11.250720 19.037769
20.875000 11.267507 18.782002
20.900000 11.285608 18.529857
20.925000 11.305013 18.281294
20.950000 11.325708 18.036273
20.975000 11.347683 17.794754
21.000000 11.370927 17.556698
21.025000 11.395432 17.322065
21.050000 11.421186 17.090814
21.075000 11.448180 16.862906
21.100000 11.476407 16.638301
21.125000 11.505858 16.416960
21.150000 11.536525 16.198844
21.175000 11.568401 15.983913
21.200000 11.601479 15.772128
21.225000 11.635752 15.563451
21.250000 11.671214 15.357842
21.275000 11.707860 15.155264
21.300000 11.745683 14.955679
21.325000 11.784678 14.759047
21.350000 11.824842 14.565333
21.375000 11.866169 14.374497
21.400000 11.908656 14.186504
21.425000 11.952298 14.001316
21.450000 11.997092 13.818897
21.475000 12.043036 13.639210
21.500000 12.090125 13.462220
21.525000 12.138358 13.287890
21.550000 12.187732 13.116187
21.575000 12.238246 12.947073
21.600000 12.289897 12.780516
21.625000 12.342683 12.616480
21.650000 12.396605 12.454931
21.675000 12.451661 12.295836
21.700000 12.507849 12.139162
21.725000 12.565170 11.984875
21.750000 12.623624 11.832942
21.775000 12.683210 11.683333
21.800000 12.743928 11.536014
21.825000 12.805779 11.390953
21.850000 12.868765 11.248121
21.875000 12.932884 11.107485
21.900000 12.998140 10.969016
21.925000 13.064532 10.832683
21.950000 13.132063 10.698456
21.975000 13.200734 10.566306
22.000000 13.270547 10.436204
22.025000 13.341504 10.308121
22.050000 13.413608 10.182029
22.075000 13.486861 10.057899
22.100000 13.561265 9.935704
22.125000 13.636823 9.815417
22.150000 13.713539 9.697011
22.175000 13.791416 9.580459
22.200000 13.870456 9.465735
22.225000 13.950664 9.352813
22.250000 14.032044 9.241667
22.275000 14.114598 9.132272
22.300000 14.198331 9.024604
22.325000 14.283248 8.918638
22.350000 14.369352 8.814349
22.375000 14.456648 8.711713
22.400000 14.545141 8.610708
22.425000 14.634835 8.511311
22.450000 14.725736 8.413497
22.475000 14.817849 8.317245
22.500000 14.911178 8.222532
22.525000 15.005729 8.129337
22.550000 15.101508 8.037638
22.575000 15.198521 7.947414
22.600000 15.296773 7.858644
22.625000 15.396270 7.771307
22.650000 15.497018 7.685383
22.675000 15.599023 7.600852
22.700000 15.702293 7.517695
22.725000 15.806833 7.435892
22.750000 15.912649 7.355423
22.775000 16.019750 7.276271
22.800000 16.128140 7.198416
22.825000 16.237829 7.121841
22.850000 16.348822 7.046527
22.875000 16.461127 6.972458
22.900000 16.574751 6.899615
22.925000 16.689702 6.827982
22.950000 16.805988 6.757541
22.975000 16.923615 6.688278
23.000000 17.042593 6.620174
23.025000 17.162928 6.553215
23.050000 17.284630 6.487384
23.075000 17.407706 6.422667
23.100000 17.532164 6.359047
23.125000 17.658013 6.296511
23.150000 17.785262 6.235044
23.175000 17.913919 6.174631
23.200000 18.043994 6.115258
23.225000 18.175494 6.056911
23.250000 18.308428 5.999577
23.275000 18.442807 5.943243
23.300000 18.578639 5.887895
23.325000 18.715933 5.833520
23.350000 18.854699 5.780107
23.375000 18.994946 5.727641
23.400000 19.136685 5.676112
23.425000 19.279924 5.625508
23.450000 19.424673 5.575816
23.475000 19.570943 5.527026
23.500000 19.718743 5.479126
23.525000 19.868083 5.432104
23.550000 20.018975 5.385952
23.575000 20.171427 5.340657
23.600000 20.325451 5.296209
23.625000 20.481056 5.252599
23.650000 20.638254 5.209817
23.675000 20.797055 5.167853
23.700000 20.957469 5.126697
23.725000 21.119509 5.086340
23.750000 21.283184 5.046774
23.775000 21.448505 5.007988
23.800000 21.615484 4.969976
23.825000 21.784132 4.932729
23.850000 21.954460 4.896237
23.875000 22.126479 4.860494
23.900000 22.300201 4.825491
23.925000 22.475638 4.791222
23.950000 22.652800 4.757678
23.975000 22.831699 4.724852
24.000000 23.012347 4.692738
24.025000 23.194757 4.661329
24.050000 23.378939 4.630618
24.075000 23.564905 4.600599
24.100000 23.752668 4.571265
24.125000 23.942239 4.542611
24.150000 24.133631 4.514632
24.175000 24.326855 4.487321
24.200000 24.521924 4.460673
24.225000 24.718850 4.434683
24.250000 24.917645 4.409346
24.275000 25.118322 4.384657
24.300000 25.320892 4.360612
24.325000 25.525369 4.337207
24.350000 25.731764 4.314436
24.375000 25.940090 4.292297
24.400000 26.150359 4.270786
24.425000 26.362585 4.249898
24.450000 26.576778 4.229631
24.475000 26.792953 4.209982
24.500000 27.011121 4.190947
24.525000 27.231296 4.172524
24.550000 27.453488 4.154711
24.575000 27.677712 4.137504
24.600000 27.903979 4.120902
24.625000 28.132303 4.104904
24.650000 28.362695 4.089507
24.675000 28.595168 4.074709
24.700000 28.829734 4.060511
24.725000 29.066407 4.046910
24.750000 29.305198 4.033906
24.775000 29.546119 4.021499
24.800000 29.789184 4.009687
24.825000 30.034403 3.998472
24.850000 30.281790 3.987852
24.875000 30.531357 3.977829
24.900000 30.783115 3.968403
24.925000 31.037076 3.959575
24.950000 31.293253 3.951347
24.975000 31.551657 3.943719
25.000000 31.812299 3.936692
