0.094971
-0.058299
-0.008109
0.251539
0.039519
-0.092915
-0.126600
-0.214958
-0.129705
0.045903
0.097886
0.064882
0.239164
0.080554
-0.138661
-0.033786
-0.158202
0.047352
0.108683
0.124016
0.019218
-0.076981
0.002839
-0.256142
0.150695
-0.073993
-0.025782
-0.201547
-0.159356
0.053101
-0.109396
0.154697
0.142899
0.168569
0.245291
0.122493
0.061104
-0.036737
-0.082001
-0.016787
0.041206
-0.052390
0.129483
0.001146
0.025394
0.197902
-0.003054
-0.166606
-0.026880
0.052283
-0.141331
0.026097
-0.073455
-0.072679
-0.074860
-0.000881
-0.108830
0.124901
-0.127609
0.098402
0.094586
-0.056428
0.160370
0.172502
-0.118659
0.110768
-0.015011
0.166218
0.022825
-0.126487
0.087921
0.064682
-0.093068
0.117307
0.269488
0.041744
-0.024584
-0.069134
-0.054989
-0.248527
-0.111320
-0.008554
0.072757
-0.109592
-0.114436
-0.088422
-0.130840
-0.020072
0.018916
-0.066155
0.157028
0.093459
-0.006622
-0.118778
0.061136
-0.059110
0.120041
-0.148942
0.014113
-0.192653
